Frequency  	Gain       
10000000    	-132.346668 
10022511.48 	-132.288031 
10045073.64 	-132.229395 
10067686.59 	-132.170757 
10090350.45 	-132.11212  
10113065.32 	-132.053483 
10135831.33 	-131.994845 
10158648.59 	-131.936207 
10181517.22 	-131.877569 
10204437.32 	-131.818931 
10227409.02 	-131.760292 
10250432.44 	-131.701653 
10273507.68 	-131.643014 
10296634.87 	-131.584375 
10319814.12 	-131.525736 
10343045.56 	-131.467096 
10366329.28 	-131.408457 
10389665.43 	-131.349817 
10413054.11 	-131.291177 
10436495.44 	-131.232536 
10459989.53 	-131.173896 
10483536.52 	-131.115255 
10507136.52 	-131.056614 
10530789.64 	-130.997973 
10554496.01 	-130.939332 
10578255.74 	-130.88069  
10602068.97 	-130.822048 
10625935.8  	-130.763406 
10649856.35 	-130.704764 
10673830.76 	-130.646122 
10697859.14 	-130.587479 
10721941.6  	-130.528836 
10746078.28 	-130.470193 
10770269.3  	-130.41155  
10794514.77 	-130.352906 
10818814.83 	-130.294262 
10843169.58 	-130.235618 
10867579.17 	-130.176974 
10892043.7  	-130.11833  
10916563.3  	-130.059685 
10941138.11 	-130.00104  
10965768.23 	-129.942395 
10990453.8  	-129.88375  
11015194.94 	-129.825104 
11039991.78 	-129.766459 
11064844.44 	-129.707812 
11089753.04 	-129.649166 
11114717.72 	-129.59052  
11139738.6  	-129.531873 
11164815.8  	-129.473226 
11189949.46 	-129.414579 
11215139.7  	-129.355931 
11240386.64 	-129.297284 
11265690.41 	-129.238636 
11291051.15 	-129.179988 
11316468.99 	-129.121339 
11341944.04 	-129.062691 
11367476.43 	-129.004042 
11393066.31 	-128.945393 
11418713.79 	-128.886743 
11444419.01 	-128.828094 
11470182.09 	-128.769444 
11496003.17 	-128.710793 
11521882.38 	-128.652143 
11547819.85 	-128.593492 
11573815.7  	-128.534842 
11599870.08 	-128.47619  
11625983.11 	-128.417539 
11652154.92 	-128.358887 
11678385.65 	-128.300235 
11704675.42 	-128.241583 
11731024.38 	-128.182931 
11757432.66 	-128.124278 
11783900.38 	-128.065625 
11810427.69 	-128.006972 
11837014.72 	-127.948318 
11863661.59 	-127.889665 
11890368.45 	-127.831011 
11917135.43 	-127.772356 
11943962.67 	-127.713702 
11970850.3  	-127.655047 
11997798.46 	-127.596392 
12024807.29 	-127.537736 
12051876.91 	-127.479081 
12079007.47 	-127.420425 
12106199.11 	-127.361768 
12133451.96 	-127.303112 
12160766.16 	-127.244455 
12188141.85 	-127.185798 
12215579.16 	-127.127141 
12243078.24 	-127.068483 
12270639.23 	-127.009825 
12298262.26 	-126.951167 
12325947.47 	-126.892508 
12353695    	-126.83385  
12381505    	-126.775191 
12409377.61 	-126.716531 
12437312.96 	-126.657872 
12465311.19 	-126.599212 
12493372.46 	-126.540551 
12521496.89 	-126.481891 
12549684.64 	-126.42323  
12577935.84 	-126.364569 
12606250.64 	-126.305907 
12634629.18 	-126.247246 
12663071.6  	-126.188583 
12691578.05 	-126.129921 
12720148.68 	-126.071258 
12748783.62 	-126.012595 
12777483.02 	-125.953932 
12806247.03 	-125.895269 
12835075.79 	-125.836605 
12863969.45 	-125.77794  
12892928.15 	-125.719276 
12921952.05 	-125.660611 
12951041.28 	-125.601946 
12980195.99 	-125.54328  
13009416.34 	-125.484614 
13038702.46 	-125.425948 
13068054.51 	-125.367282 
13097472.64 	-125.308615 
13126957    	-125.249948 
13156507.72 	-125.19128  
13186124.97 	-125.132613 
13215808.9  	-125.073944 
13245559.64 	-125.015276 
13275377.36 	-124.956607 
13305262.2  	-124.897938 
13335214.32 	-124.839269 
13365233.87 	-124.780599 
13395320.99 	-124.721929 
13425475.84 	-124.663258 
13455698.58 	-124.604587 
13485989.35 	-124.545916 
13516348.32 	-124.487245 
13546775.62 	-124.428573 
13577271.42 	-124.3699   
13607835.87 	-124.311228 
13638469.13 	-124.252555 
13669171.35 	-124.193882 
13699942.68 	-124.135208 
13730783.28 	-124.076534 
13761693.31 	-124.01786  
13792672.92 	-123.959185 
13823722.27 	-123.90051  
13854841.52 	-123.841834 
13886030.83 	-123.783158 
13917290.34 	-123.724482 
13948620.22 	-123.665806 
13980020.64 	-123.607129 
14011491.74 	-123.548451 
14043033.68 	-123.489774 
14074646.63 	-123.431096 
14106330.75 	-123.372417 
14138086.19 	-123.313738 
14169913.12 	-123.255059 
14201811.7  	-123.19638  
14233782.08 	-123.1377   
14265824.44 	-123.079019 
14297938.92 	-123.020339 
14330125.7  	-122.961657 
14362384.94 	-122.902976 
14394716.8  	-122.844294 
14427121.44 	-122.785612 
14459599.03 	-122.726929 
14492149.73 	-122.668246 
14524773.71 	-122.609562 
14557471.13 	-122.550878 
14590242.16 	-122.492194 
14623086.96 	-122.433509 
14656005.69 	-122.374824 
14688998.53 	-122.316138 
14722065.65 	-122.257453 
14755207.2  	-122.198766 
14788423.36 	-122.140079 
14821714.29 	-122.081392 
14855080.17 	-122.022704 
14888521.16 	-121.964016 
14922037.43 	-121.905328 
14955629.15 	-121.846639 
14989296.49 	-121.78795  
15023039.62 	-121.72926  
15056858.71 	-121.67057  
15090753.93 	-121.611879 
15124725.45 	-121.553188 
15158773.45 	-121.494496 
15192898.1  	-121.435804 
15227099.57 	-121.377112 
15261378.03 	-121.318419 
15295733.65 	-121.259726 
15330166.62 	-121.201032 
15364677.09 	-121.142338 
15399265.26 	-121.083643 
15433931.29 	-121.024948 
15468675.36 	-120.966253 
15503497.64 	-120.907557 
15538398.31 	-120.84886  
15573377.55 	-120.790163 
15608435.53 	-120.731466 
15643572.44 	-120.672768 
15678788.44 	-120.61407  
15714083.72 	-120.555371 
15749458.45 	-120.496672 
15784912.82 	-120.437972 
15820446.99 	-120.379272 
15856061.17 	-120.320571 
15891755.51 	-120.26187  
15927530.21 	-120.203168 
15963385.44 	-120.144466 
15999321.39 	-120.085764 
16035338.24 	-120.02706  
16071436.16 	-119.968357 
16107615.35 	-119.909653 
16143875.98 	-119.850948 
16180218.24 	-119.792243 
16216642.31 	-119.733537 
16253148.37 	-119.674831 
16289736.62 	-119.616125 
16326407.23 	-119.557418 
16363160.4  	-119.49871  
16399996.3  	-119.440002 
16436915.12 	-119.381293 
16473917.05 	-119.322584 
16511002.28 	-119.263874 
16548171    	-119.205164 
16585423.39 	-119.146453 
16622759.63 	-119.087742 
16660179.93 	-119.02903  
16697684.47 	-118.970318 
16735273.43 	-118.911605 
16772947.01 	-118.852892 
16810705.4  	-118.794178 
16848548.79 	-118.735463 
16886477.38 	-118.676748 
16924491.34 	-118.618033 
16962590.88 	-118.559316 
17000776.19 	-118.5006   
17039047.46 	-118.441883 
17077404.88 	-118.383165 
17115848.65 	-118.324446 
17154378.96 	-118.265728 
17192996.01 	-118.207008 
17231700    	-118.148288 
17270491.11 	-118.089567 
17309369.55 	-118.030846 
17348335.5  	-117.972124 
17387389.18 	-117.913402 
17426530.77 	-117.854679 
17465760.48 	-117.795956 
17505078.49 	-117.737232 
17544485.02 	-117.678507 
17583980.26 	-117.619782 
17623564.41 	-117.561056 
17663237.66 	-117.50233  
17703000.23 	-117.443603 
17742852.31 	-117.384875 
17782794.1  	-117.326147 
17822825.81 	-117.267418 
17862947.63 	-117.208688 
17903159.77 	-117.149958 
17943462.44 	-117.091228 
17983855.84 	-117.032496 
18024340.16 	-116.973764 
18064915.63 	-116.915032 
18105582.43 	-116.856299 
18146340.78 	-116.797565 
18187190.89 	-116.738831 
18228132.95 	-116.680095 
18269167.18 	-116.62136  
18310293.78 	-116.562623 
18351512.97 	-116.503887 
18392824.95 	-116.445149 
18434229.92 	-116.386411 
18475728.11 	-116.327672 
18517319.71 	-116.268932 
18559004.95 	-116.210192 
18600784.02 	-116.151451 
18642657.14 	-116.092709 
18684624.53 	-116.033967 
18726686.39 	-115.975224 
18768842.94 	-115.916481 
18811094.38 	-115.857737 
18853440.95 	-115.798992 
18895882.84 	-115.740246 
18938420.27 	-115.6815   
18981053.47 	-115.622753 
19023782.63 	-115.564005 
19066607.99 	-115.505257 
19109529.75 	-115.446508 
19152548.13 	-115.387758 
19195663.36 	-115.329008 
19238875.65 	-115.270256 
19282185.21 	-115.211505 
19325592.27 	-115.152752 
19369097.04 	-115.093999 
19412699.75 	-115.035245 
19456400.62 	-114.97649  
19500199.86 	-114.917734 
19544097.7  	-114.858978 
19588094.36 	-114.800221 
19632190.07 	-114.741464 
19676385.04 	-114.682705 
19720679.5  	-114.623946 
19765073.67 	-114.565186 
19809567.79 	-114.506426 
19854162.06 	-114.447664 
19898856.72 	-114.388902 
19943652    	-114.330139 
19988548.12 	-114.271375 
20033545.3  	-114.212611 
20078643.79 	-114.153846 
20123843.79 	-114.09508  
20169145.55 	-114.036313 
20214549.28 	-113.977546 
20260055.23 	-113.918777 
20305663.62 	-113.860008 
20351374.68 	-113.801238 
20397188.64 	-113.742468 
20443105.74 	-113.683696 
20489126.2  	-113.624924 
20535250.26 	-113.566151 
20581478.16 	-113.507377 
20627810.12 	-113.448602 
20674246.38 	-113.389827 
20720787.17 	-113.33105  
20767432.74 	-113.272273 
20814183.31 	-113.213495 
20861039.12 	-113.154716 
20908000.41 	-113.095936 
20955067.42 	-113.037156 
21002240.39 	-112.978375 
21049519.54 	-112.919592 
21096905.13 	-112.860809 
21144397.4  	-112.802025 
21191996.57 	-112.743241 
21239702.9  	-112.684455 
21287516.62 	-112.625669 
21335437.97 	-112.566881 
21383467.21 	-112.508093 
21431604.57 	-112.449304 
21479850.29 	-112.390514 
21528204.61 	-112.331723 
21576667.79 	-112.272931 
21625240.07 	-112.214139 
21673921.7  	-112.155345 
21722712.91 	-112.096551 
21771613.96 	-112.037755 
21820625.09 	-111.978959 
21869746.55 	-111.920162 
21918978.59 	-111.861364 
21968321.46 	-111.802565 
22017775.41 	-111.743765 
22067340.69 	-111.684964 
22117017.55 	-111.626162 
22166806.23 	-111.567359 
22216707    	-111.508555 
22266720.1  	-111.449751 
22316845.79 	-111.390945 
22367084.32 	-111.332139 
22417435.95 	-111.273331 
22467900.92 	-111.214523 
22518479.49 	-111.155713 
22569171.93 	-111.096903 
22619978.48 	-111.038091 
22670899.41 	-110.979279 
22721934.97 	-110.920466 
22773085.41 	-110.861651 
22824351    	-110.802836 
22875732    	-110.744019 
22927228.67 	-110.685202 
22978841.26 	-110.626384 
23030570.04 	-110.567564 
23082415.27 	-110.508744 
23134377.21 	-110.449922 
23186456.12 	-110.3911   
23238652.27 	-110.332276 
23290965.92 	-110.273452 
23343397.34 	-110.214626 
23395946.79 	-110.1558   
23448614.54 	-110.096972 
23501400.85 	-110.038143 
23554305.98 	-109.979314 
23607330.22 	-109.920483 
23660473.82 	-109.861651 
23713737.06 	-109.802818 
23767120.2  	-109.743984 
23820623.51 	-109.685148 
23874247.26 	-109.626312 
23927991.73 	-109.567475 
23981857.19 	-109.508636 
24035843.91 	-109.449797 
24089952.16 	-109.390956 
24144182.21 	-109.332114 
24198534.35 	-109.273271 
24253008.84 	-109.214427 
24307605.96 	-109.155582 
24362325.98 	-109.096736 
24417169.19 	-109.037889 
24472135.86 	-108.97904  
24527226.27 	-108.92019  
24582440.69 	-108.861339 
24637779.41 	-108.802487 
24693242.7  	-108.743634 
24748830.85 	-108.68478  
24804544.14 	-108.625924 
24860382.85 	-108.567067 
24916347.26 	-108.508209 
24972437.65 	-108.44935  
25028654.31 	-108.39049  
25084997.52 	-108.331628 
25141467.57 	-108.272766 
25198064.75 	-108.213902 
25254789.33 	-108.155037 
25311641.6  	-108.09617  
25368621.86 	-108.037303 
25425730.39 	-107.978434 
25482967.48 	-107.919564 
25540333.42 	-107.860692 
25597828.5  	-107.80182  
25655453    	-107.742946 
25713207.23 	-107.684071 
25771091.48 	-107.625194 
25829106.02 	-107.566316 
25887251.17 	-107.507437 
25945527.21 	-107.448557 
26003934.44 	-107.389676 
26062473.16 	-107.330793 
26121143.65 	-107.271909 
26179946.22 	-107.213023 
26238881.16 	-107.154136 
26297948.77 	-107.095248 
26357149.35 	-107.036359 
26416483.2  	-106.977468 
26475950.62 	-106.918576 
26535551.92 	-106.859682 
26595287.38 	-106.800788 
26655157.31 	-106.741891 
26715162.03 	-106.682994 
26775301.82 	-106.624095 
26835576.99 	-106.565195 
26895987.86 	-106.506293 
26956534.71 	-106.44739  
27017217.87 	-106.388485 
27078037.63 	-106.329579 
27138994.31 	-106.270672 
27200088.21 	-106.211763 
27261319.64 	-106.152853 
27322688.92 	-106.093942 
27384196.34 	-106.035029 
27445842.23 	-105.976114 
27507626.89 	-105.917198 
27569550.64 	-105.858281 
27631613.78 	-105.799362 
27693816.64 	-105.740442 
27756159.53 	-105.68152  
27818642.76 	-105.622597 
27881266.65 	-105.563672 
27944031.52 	-105.504746 
28006937.68 	-105.445818 
28069985.45 	-105.386889 
28133175.15 	-105.327958 
28196507.1  	-105.269026 
28259981.62 	-105.210092 
28323599.03 	-105.151157 
28387359.65 	-105.09222  
28451263.8  	-105.033281 
28515311.82 	-104.974341 
28579504.01 	-104.9154   
28643840.71 	-104.856456 
28708322.25 	-104.797512 
28772948.94 	-104.738565 
28837721.11 	-104.679617 
28902639.1  	-104.620668 
28967703.23 	-104.561717 
29032913.82 	-104.502764 
29098271.22 	-104.44381  
29163775.74 	-104.384854 
29229427.72 	-104.325896 
29295227.5  	-104.266937 
29361175.4  	-104.207976 
29427271.76 	-104.149013 
29493516.91 	-104.090049 
29559911.19 	-104.031083 
29626454.94 	-103.972115 
29693148.48 	-103.913146 
29759992.16 	-103.854175 
29826986.32 	-103.795202 
29894131.29 	-103.736228 
29961427.41 	-103.677252 
30028875.03 	-103.618274 
30096474.48 	-103.559294 
30164226.1  	-103.500313 
30232130.25 	-103.44133  
30300187.26 	-103.382345 
30368397.47 	-103.323358 
30436761.24 	-103.26437  
30505278.9  	-103.20538  
30573950.81 	-103.146388 
30642777.31 	-103.087394 
30711758.74 	-103.028398 
30780895.47 	-102.969401 
30850187.83 	-102.910402 
30919636.17 	-102.851401 
30989240.86 	-102.792398 
31059002.24 	-102.733393 
31128920.66 	-102.674386 
31198996.47 	-102.615378 
31269230.04 	-102.556367 
31339621.71 	-102.497355 
31410171.85 	-102.438341 
31480880.8  	-102.379325 
31551748.94 	-102.320307 
31622776.6  	-102.261287 
31693964.16 	-102.202265 
31765311.97 	-102.143241 
31836820.4  	-102.084216 
31908489.81 	-102.025188 
31980320.55 	-101.966158 
32052312.99 	-101.907127 
32124467.5  	-101.848093 
32196784.44 	-101.789057 
32269264.18 	-101.73002  
32341907.08 	-101.67098  
32414713.51 	-101.611939 
32487683.83 	-101.552895 
32560818.43 	-101.493849 
32634117.66 	-101.434802 
32707581.9  	-101.375752 
32781211.51 	-101.3167   
32855006.88 	-101.257646 
32928968.37 	-101.19859  
33003096.37 	-101.139532 
33077391.23 	-101.080472 
33151853.34 	-101.02141  
33226483.08 	-100.962345 
33301280.82 	-100.903279 
33376246.94 	-100.84421  
33451381.82 	-100.785139 
33526685.85 	-100.726066 
33602159.39 	-100.666991 
33677802.83 	-100.607913 
33753616.56 	-100.548834 
33829600.96 	-100.489752 
33905756.4  	-100.430668 
33982083.29 	-100.371582 
34058582    	-100.312494 
34135252.92 	-100.253403 
34212096.43 	-100.19431  
34289112.94 	-100.135215 
34366302.81 	-100.076118 
34443666.46 	-100.017018 
34521204.26 	-99.9579158 
34598916.61 	-99.8988115 
34676803.9  	-99.8397049 
34754866.53 	-99.780596  
34833104.89 	-99.7214847 
34911519.37 	-99.6623711 
34990110.38 	-99.6032551 
35068878.31 	-99.5441368 
35147823.55 	-99.4850161 
35226946.51 	-99.425893  
35306247.6  	-99.3667675 
35385727.19 	-99.3076396 
35465385.71 	-99.2485093 
35545223.56 	-99.1893765 
35625241.13 	-99.1302413 
35705438.83 	-99.0711037 
35785817.06 	-99.0119636 
35866376.24 	-98.952821  
35947116.78 	-98.8936759 
36028039.07 	-98.8345283 
36109143.53 	-98.7753782 
36190430.56 	-98.7162256 
36271900.59 	-98.6570705 
36353554.02 	-98.5979128 
36435391.26 	-98.5387526 
36517412.73 	-98.4795897 
36599618.84 	-98.4204244 
36682010.01 	-98.3612564 
36764586.65 	-98.3020858 
36847349.19 	-98.2429126 
36930298.03 	-98.1837368 
37013433.61 	-98.1245583 
37096756.34 	-98.0653772 
37180266.64 	-98.0061935 
37263964.93 	-97.947007  
37347851.64 	-97.8878179 
37431927.2  	-97.828626  
37516192.02 	-97.7694315 
37600646.53 	-97.7102342 
37685291.16 	-97.6510342 
37770126.34 	-97.5918315 
37855152.49 	-97.532626  
37940370.05 	-97.4734177 
38025779.45 	-97.4142066 
38111381.12 	-97.3549927 
38197175.49 	-97.2957761 
38283163    	-97.2365566 
38369344.08 	-97.1773342 
38455719.16 	-97.118109  
38542288.69 	-97.058881  
38629053.09 	-96.99965   
38716012.82 	-96.9404162 
38803168.31 	-96.8811795 
38890519.99 	-96.8219398 
38978068.32 	-96.7626972 
39065813.73 	-96.7034517 
39153756.67 	-96.6442033 
39241897.58 	-96.5849518 
39330236.92 	-96.5256974 
39418775.11 	-96.46644   
39507512.62 	-96.4071795 
39596449.89 	-96.3479161 
39685587.37 	-96.2886496 
39774925.51 	-96.22938   
39864464.77 	-96.1701074 
39954205.59 	-96.1108317 
40044148.43 	-96.0515529 
40134293.75 	-95.992271  
40224641.99 	-95.932986  
40315193.63 	-95.8736978 
40405949.11 	-95.8144065 
40496908.89 	-95.7551121 
40588073.44 	-95.6958144 
40679443.21 	-95.6365136 
40771018.67 	-95.5772095 
40862800.28 	-95.5179022 
40954788.5  	-95.4585917 
41046983.8  	-95.3992779 
41139386.65 	-95.3399609 
41231997.51 	-95.2806406 
41324816.85 	-95.2213169 
41417845.14 	-95.16199   
41511082.86 	-95.1026597 
41604530.46 	-95.0433261 
41698188.43 	-94.9839892 
41792057.23 	-94.9246488 
41886137.35 	-94.8653051 
41980429.26 	-94.805958  
42074933.43 	-94.7466074 
42169650.34 	-94.6872534 
42264580.48 	-94.627896  
42359724.32 	-94.5685351 
42455082.34 	-94.5091707 
42550655.02 	-94.4498028 
42646442.86 	-94.3904314 
42742446.33 	-94.3310564 
42838665.91 	-94.2716779 
42935102.1  	-94.2122959 
43031755.38 	-94.1529102 
43128626.25 	-94.093521  
43225715.18 	-94.0341282 
43323022.67 	-93.9747317 
43420549.22 	-93.9153316 
43518295.32 	-93.8559278 
43616261.45 	-93.7965203 
43714448.13 	-93.7371092 
43812855.83 	-93.6776943 
43911485.07 	-93.6182757 
44010336.33 	-93.5588533 
44109410.13 	-93.4994272 
44208706.95 	-93.4399973 
44308227.3  	-93.3805636 
44407971.69 	-93.3211261 
44507940.62 	-93.2616847 
44608134.6  	-93.2022395 
44708554.12 	-93.1427905 
44809199.71 	-93.0833375 
44910071.86 	-93.0238806 
45011171.09 	-92.9644198 
45112497.92 	-92.9049551 
45214052.84 	-92.8454864 
45315836.38 	-92.7860138 
45417849.04 	-92.7265371 
45520091.36 	-92.6670564 
45622563.83 	-92.6075717 
45725266.99 	-92.5480829 
45828201.35 	-92.4885901 
45931367.42 	-92.4290932 
46034765.74 	-92.3695922 
46138396.83 	-92.310087  
46242261.2  	-92.2505777 
46346359.39 	-92.1910643 
46450691.92 	-92.1315466 
46555259.31 	-92.0720248 
46660062.1  	-92.0124987 
46765100.82 	-91.9529684 
46870376    	-91.8934339 
46975888.17 	-91.833895  
47081637.86 	-91.7743519 
47187625.61 	-91.7148044 
47293851.95 	-91.6552526 
47400317.42 	-91.5956964 
47507022.57 	-91.5361359 
47613967.92 	-91.476571  
47721154.02 	-91.4170016 
47828581.42 	-91.3574278 
47936250.65 	-91.2978496 
48044162.25 	-91.2382668 
48152316.79 	-91.1786796 
48260714.79 	-91.1190878 
48369356.82 	-91.0594915 
48478243.42 	-90.9998907 
48587375.13 	-90.9402852 
48696752.52 	-90.8806752 
48806376.13 	-90.8210605 
48916246.52 	-90.7614412 
49026364.24 	-90.7018172 
49136729.86 	-90.6421885 
49247343.92 	-90.5825551 
49358207    	-90.522917  
49469319.64 	-90.4632741 
49580682.42 	-90.4036264 
49692295.89 	-90.3439739 
49804160.61 	-90.2843166 
49916277.16 	-90.2246545 
50028646.11 	-90.1649875 
50141268.01 	-90.1053156 
50254143.44 	-90.0456388 
50367272.97 	-89.9859571 
50480657.17 	-89.9262704 
50594296.61 	-89.8665788 
50708191.88 	-89.8068821 
50822343.54 	-89.7471804 
50936752.17 	-89.6874737 
51051418.35 	-89.6277619 
51166342.66 	-89.568045  
51281525.69 	-89.5083229 
51396968.01 	-89.4485958 
51512670.2  	-89.3888634 
51628632.86 	-89.3291259 
51744856.57 	-89.2693832 
51861341.92 	-89.2096352 
51978089.49 	-89.149882  
52095099.88 	-89.0901235 
52212373.67 	-89.0303597 
52329911.47 	-88.9705905 
52447713.86 	-88.910816  
52565781.44 	-88.8510361 
52684114.81 	-88.7912508 
52802714.56 	-88.73146   
52921581.31 	-88.6716638 
53040715.63 	-88.6118621 
53160118.15 	-88.5520549 
53279789.46 	-88.4922422 
53399730.17 	-88.4324239 
53519940.88 	-88.3726    
53640422.2  	-88.3127706 
53761174.75 	-88.2529354 
53882199.12 	-88.1930946 
54003495.94 	-88.1332482 
54125065.82 	-88.073396  
54246909.37 	-88.013538  
54369027.21 	-87.9536743 
54491419.95 	-87.8938048 
54614088.22 	-87.8339295 
54737032.63 	-87.7740483 
54860253.81 	-87.7141613 
54983752.37 	-87.6542683 
55107528.95 	-87.5943695 
55231584.17 	-87.5344646 
55355918.66 	-87.4745538 
55480533.04 	-87.414637  
55605427.95 	-87.3547141 
55730604.01 	-87.2947851 
55856061.87 	-87.2348501 
55981802.15 	-87.1749089 
56107825.48 	-87.1149616 
56234132.52 	-87.0550081 
56360723.89 	-86.9950484 
56487600.24 	-86.9350824 
56614762.2  	-86.8751102 
56742210.43 	-86.8151317 
56869945.56 	-86.7551468 
56997968.24 	-86.6951556 
57126279.12 	-86.635158  
57254878.84 	-86.575154  
57383768.07 	-86.5151436 
57512947.44 	-86.4551267 
57642417.61 	-86.3951032 
57772179.24 	-86.3350733 
57902232.98 	-86.2750368 
58032579.5  	-86.2149936 
58163219.44 	-86.1549439 
58294153.47 	-86.0948875 
58425382.26 	-86.0348244 
58556906.45 	-85.9747546 
58688726.73 	-85.914678  
58820843.76 	-85.8545947 
58953258.2  	-85.7945046 
59085970.73 	-85.7344076 
59218982.01 	-85.6743037 
59352292.72 	-85.6141929 
59485903.54 	-85.5540752 
59619815.13 	-85.4939505 
59754028.17 	-85.4338188 
59888543.35 	-85.3736801 
60023361.34 	-85.3135343 
60158482.83 	-85.2533814 
60293908.49 	-85.1932214 
60429639.02 	-85.1330542 
60565675.1  	-85.0728798 
60702017.42 	-85.0126981 
60838666.66 	-84.9525092 
60975623.52 	-84.892313  
61112888.69 	-84.8321095 
61250462.87 	-84.7718985 
61388346.74 	-84.7116802 
61526541.01 	-84.6514544 
61665046.38 	-84.5912212 
61803863.55 	-84.5309805 
61942993.21 	-84.4707322 
62082436.07 	-84.4104763 
62222192.84 	-84.3502128 
62362264.23 	-84.2899417 
62502650.93 	-84.2296629 
62643353.67 	-84.1693764 
62784373.14 	-84.1090821 
62925710.08 	-84.04878   
63067365.18 	-83.9884701 
63209339.18 	-83.9281523 
63351632.77 	-83.8678266 
63494246.69 	-83.807493  
63637181.66 	-83.7471514 
63780438.39 	-83.6868018 
63924017.61 	-83.6264441 
64067920.06 	-83.5660784 
64212146.45 	-83.5057045 
64356697.51 	-83.4453224 
64501573.98 	-83.3849322 
64646776.59 	-83.3245337 
64792306.07 	-83.264127  
64938163.16 	-83.2037119 
65084348.59 	-83.1432884 
65230863.11 	-83.0828566 
65377707.46 	-83.0224164 
65524882.37 	-82.9619676 
65672388.6  	-82.9015104 
65820226.89 	-82.8410446 
65968397.98 	-82.7805702 
66116902.62 	-82.7200871 
66265741.58 	-82.6595954 
66414915.59 	-82.599095  
66564425.41 	-82.5385858 
66714271.8  	-82.4780679 
66864455.52 	-82.4175411 
67014977.33 	-82.3570054 
67165837.98 	-82.2964608 
67317038.24 	-82.2359072 
67468578.88 	-82.1753447 
67620460.65 	-82.114773  
67772684.34 	-82.0541923 
67925250.7  	-81.9936025 
68078160.51 	-81.9330035 
68231414.55 	-81.8723953 
68385013.58 	-81.8117778 
68538958.39 	-81.751151  
68693249.75 	-81.6905149 
68847888.44 	-81.6298694 
69002875.24 	-81.5692144 
69158210.95 	-81.50855   
69313896.34 	-81.447876  
69469932.2  	-81.3871925 
69626319.32 	-81.3264993 
69783058.49 	-81.2657965 
69940150.5  	-81.205084  
70097596.15 	-81.1443618 
70255396.23 	-81.0836297 
70413551.55 	-81.0228879 
70572062.89 	-80.9621361 
70730931.07 	-80.9013744 
70890156.89 	-80.8406027 
71049741.14 	-80.779821  
71209684.65 	-80.7190292 
71369988.21 	-80.6582273 
71530652.63 	-80.5974152 
71691678.74 	-80.5365929 
71853067.34 	-80.4757604 
72014819.25 	-80.4149175 
72176935.29 	-80.3540643 
72339416.27 	-80.2932007 
72502263.03 	-80.2323266 
72665476.37 	-80.1714419 
72829057.14 	-80.1105468 
72993006.14 	-80.049641  
73157324.22 	-79.9887246 
73322012.21 	-79.9277974 
73487070.93 	-79.8668595 
73652501.23 	-79.8059108 
73818303.93 	-79.7449513 
73984479.88 	-79.6839808 
74151029.91 	-79.6229993 
74317954.88 	-79.5620069 
74485255.62 	-79.5010034 
74652932.97 	-79.4399887 
74820987.79 	-79.3789629 
74989420.93 	-79.3179259 
75158233.24 	-79.2568776 
75327425.57 	-79.1958179 
75496998.77 	-79.1347469 
75666953.71 	-79.0736644 
75837291.25 	-79.0125705 
76008012.24 	-78.951465  
76179117.54 	-78.8903479 
76350608.03 	-78.8292191 
76522484.57 	-78.7680786 
76694748.04 	-78.7069264 
76867399.29 	-78.6457623 
77040439.2  	-78.5845864 
77213868.65 	-78.5233985 
77387688.52 	-78.4621987 
77561899.69 	-78.4009867 
77736503.02 	-78.3397627 
77911499.42 	-78.2785266 
78086889.76 	-78.2172782 
78262674.93 	-78.1560175 
78438855.81 	-78.0947445 
78615433.31 	-78.0334591 
78792408.31 	-77.9721612 
78969781.7  	-77.9108508 
79147554.39 	-77.8495279 
79325727.28 	-77.7881923 
79504301.25 	-77.7268441 
79683277.22 	-77.665483  
79862656.1  	-77.6041092 
80042438.78 	-77.5427225 
80222626.18 	-77.4813229 
80403219.21 	-77.4199102 
80584218.78 	-77.3584846 
80765625.8  	-77.2970457 
80947441.2  	-77.2355938 
81129665.9  	-77.1741285 
81312300.81 	-77.11265   
81495346.85 	-77.0511581 
81678804.96 	-76.9896527 
81862676.07 	-76.9281338 
82046961.09 	-76.8666014 
82231660.97 	-76.8050554 
82416776.63 	-76.7434957 
82602309.02 	-76.6819222 
82788259.06 	-76.6203348 
82974627.71 	-76.5587336 
83161415.9  	-76.4971185 
83348624.58 	-76.4354893 
83536254.7  	-76.373846  
83724307.19 	-76.3121886 
83912783.02 	-76.2505169 
84101683.14 	-76.1888309 
84291008.5  	-76.1271306 
84480760.06 	-76.0654159 
84670938.78 	-76.0036866 
84861545.62 	-75.9419428 
85052581.54 	-75.8801844 
85244047.52 	-75.8184112 
85435944.51 	-75.7566233 
85628273.49 	-75.6948205 
85821035.43 	-75.6330028 
86014231.31 	-75.5711701 
86207862.1  	-75.5093223 
86401928.78 	-75.4474594 
86596432.34 	-75.3855813 
86791373.75 	-75.3236879 
86986754    	-75.2617791 
87182574.08 	-75.1998549 
87378834.99 	-75.1379153 
87575537.7  	-75.07596   
87772683.22 	-75.0139891 
87970272.55 	-74.9520025 
88168306.68 	-74.89      
88366786.61 	-74.8279817 
88565713.35 	-74.7659474 
88765087.91 	-74.7038971 
88964911.28 	-74.6418307 
89165184.49 	-74.5797481 
89365908.54 	-74.5176492 
89567084.46 	-74.455534  
89768713.24 	-74.3934023 
89970795.93 	-74.3312542 
90173333.53 	-74.2690895 
90376327.08 	-74.2069081 
90579777.59 	-74.14471   
90783686.11 	-74.082495  
90988053.65 	-74.0202632 
91192881.25 	-73.9580143 
91398169.95 	-73.8957484 
91603920.78 	-73.8334654 
91810134.79 	-73.7711651 
92016813.02 	-73.7088475 
92223956.51 	-73.6465125 
92431566.31 	-73.58416   
92639643.48 	-73.5217899 
92848189.05 	-73.4594022 
93057204.09 	-73.3969968 
93266689.66 	-73.3345735 
93476646.81 	-73.2721323 
93687076.6  	-73.2096731 
93897980.1  	-73.1471959 
94109358.38 	-73.0847004 
94321212.5  	-73.0221867 
94533543.54 	-72.9596547 
94746352.57 	-72.8971042 
94959640.66 	-72.8345352 
95173408.89 	-72.7719475 
95387658.35 	-72.7093412 
95602390.11 	-72.646716  
95817605.27 	-72.584072  
96033304.91 	-72.5214089 
96249490.12 	-72.4587268 
96466161.99 	-72.3960256 
96683321.63 	-72.333305  
96900970.12 	-72.2705651 
97119108.57 	-72.2078058 
97337738.09 	-72.1450269 
97556859.77 	-72.0822284 
97776474.73 	-72.0194101 
97996584.08 	-71.956572  
98217188.92 	-71.893714  
98438290.38 	-71.8308359 
98659889.57 	-71.7679377 
98881987.61 	-71.7050193 
99104585.62 	-71.6420806 
99327684.74 	-71.5791214 
99551286.09 	-71.5161417 
99775390.8  	-71.4531414 
100000000   	-71.3901204 
100225114.8 	-71.3270786 
100450736.4 	-71.2640158 
100676865.9 	-71.200932  
100903504.5 	-71.137827  
101130653.2 	-71.0747009 
101358313.3 	-71.0115533 
101586485.9 	-70.9483844 
101815172.2 	-70.8851939 
102044373.2 	-70.8219817 
102274090.2 	-70.7587477 
102504324.4 	-70.6954919 
102735076.8 	-70.6322142 
102966348.7 	-70.5689143 
103198141.2 	-70.5055922 
103430455.6 	-70.4422478 
103663292.8 	-70.378881  
103896654.3 	-70.3154917 
104130541.1 	-70.2520798 
104364954.4 	-70.1886451 
104599895.3 	-70.1251875 
104835365.2 	-70.061707  
105071365.2 	-69.9982034 
105307896.4 	-69.9346765 
105544960.1 	-69.8711264 
105782557.4 	-69.8075528 
106020689.7 	-69.7439557 
106259358   	-69.6803349 
106498563.5 	-69.6166904 
106738307.6 	-69.5530219 
106978591.4 	-69.4893294 
107219416   	-69.4256128 
107460782.8 	-69.3618719 
107702693   	-69.2981067 
107945147.7 	-69.2343169 
108188148.3 	-69.1705026 
108431695.8 	-69.1066634 
108675791.7 	-69.0427995 
108920437   	-68.9789105 
109165633   	-68.9149964 
109411381.1 	-68.8510571 
109657682.3 	-68.7870924 
109904538   	-68.7231023 
110151949.4 	-68.6590865 
110399917.8 	-68.5950449 
110648444.4 	-68.5309775 
110897530.4 	-68.4668841 
111147177.2 	-68.4027646 
111397386   	-68.3386188 
111648158   	-68.2744466 
111899494.6 	-68.2102478 
112151397   	-68.1460224 
112403866.4 	-68.0817702 
112656904.1 	-68.0174911 
112910511.5 	-67.953185  
113164689.9 	-67.8888516 
113419440.4 	-67.8244909 
113674764.3 	-67.7601027 
113930663.1 	-67.6956869 
114187137.9 	-67.6312434 
114444190.1 	-67.5667719 
114701820.9 	-67.5022725 
114960031.7 	-67.4377448 
115218823.8 	-67.3731889 
115478198.5 	-67.3086045 
115738157   	-67.2439915 
115998700.8 	-67.1793498 
116259831.1 	-67.1146791 
116521549.2 	-67.0499795 
116783856.5 	-66.9852506 
117046754.2 	-66.9204925 
117310243.8 	-66.8557048 
117574326.6 	-66.7908876 
117839003.8 	-66.7260405 
118104276.9 	-66.6611636 
118370147.2 	-66.5962565 
118636615.9 	-66.5313193 
118903684.5 	-66.4663516 
119171354.3 	-66.4013534 
119439626.7 	-66.3363245 
119708503   	-66.2712648 
119977984.6 	-66.2061741 
120248072.9 	-66.1410522 
120518769.1 	-66.075899  
120790074.7 	-66.0107143 
121061991.1 	-65.9454979 
121334519.6 	-65.8802498 
121607661.6 	-65.8149697 
121881418.5 	-65.7496574 
122155791.6 	-65.6843129 
122430782.4 	-65.6189359 
122706392.3 	-65.5535263 
122982622.6 	-65.4880839 
123259474.7 	-65.4226086 
123536950   	-65.3571001 
123815050   	-65.2915583 
124093776.1 	-65.2259831 
124373129.6 	-65.1603742 
124653111.9 	-65.0947315 
124933724.6 	-65.0290548 
125214968.9 	-64.963344  
125496846.4 	-64.8975988 
125779358.4 	-64.8318191 
126062506.4 	-64.7660048 
126346291.8 	-64.7001555 
126630716   	-64.6342713 
126915780.5 	-64.5683517 
127201486.8 	-64.5023968 
127487836.2 	-64.4364063 
127774830.2 	-64.37038   
128062470.3 	-64.3043178 
128350757.9 	-64.2382193 
128639694.5 	-64.1720846 
128929281.5 	-64.1059133 
129219520.5 	-64.0397054 
129510412.8 	-63.9734605 
129801959.9 	-63.9071785 
130094163.4 	-63.8408593 
130387024.6 	-63.7745025 
130680545.1 	-63.7081081 
130974726.4 	-63.6416758 
131269570   	-63.5752055 
131565077.2 	-63.5086968 
131861249.7 	-63.4421497 
132158089   	-63.375564  
132455596.4 	-63.3089393 
132753773.6 	-63.2422756 
133052622   	-63.1755726 
133352143.2 	-63.1088302 
133652338.7 	-63.042048  
133953209.9 	-62.975226  
134254758.4 	-62.9083638 
134556985.8 	-62.8414613 
134859893.5 	-62.7745183 
135163483.2 	-62.7075346 
135467756.2 	-62.6405099 
135772714.2 	-62.573444  
136078358.7 	-62.5063367 
136384691.3 	-62.4391879 
136691713.5 	-62.3719972 
136999426.8 	-62.3047644 
137307832.8 	-62.2374894 
137616933.1 	-62.1701719 
137926729.2 	-62.1028117 
138237222.7 	-62.0354085 
138548415.2 	-61.9679622 
138860308.3 	-61.9004725 
139172903.4 	-61.8329391 
139486202.2 	-61.7653619 
139800206.4 	-61.6977406 
140114917.4 	-61.6300749 
140430336.8 	-61.5623647 
140746466.3 	-61.4946097 
141063307.5 	-61.4268097 
141380861.9 	-61.3589643 
141699131.2 	-61.2910735 
142018117   	-61.2231369 
142337820.8 	-61.1551543 
142658244.4 	-61.0871254 
142979389.2 	-61.01905   
143301257   	-60.9509279 
143623849.4 	-60.8827588 
143947168   	-60.8145424 
144271214.4 	-60.7462785 
144595990.3 	-60.6779668 
144921497.3 	-60.6096071 
145247737.1 	-60.5411992 
145574711.3 	-60.4727427 
145902421.6 	-60.4042374 
146230869.6 	-60.335683  
146560056.9 	-60.2670793 
146889985.3 	-60.1984261 
147220656.5 	-60.1297229 
147552072   	-60.0609696 
147884233.6 	-59.9921659 
148217142.9 	-59.9233116 
148550801.7 	-59.8544063 
148885211.6 	-59.7854497 
149220374.3 	-59.7164416 
149556291.5 	-59.6473818 
149892964.9 	-59.5782699 
150230396.2 	-59.5091056 
150568587.1 	-59.4398887 
150907539.3 	-59.3706188 
151247254.5 	-59.3012958 
151587734.5 	-59.2319192 
151928981   	-59.1624888 
152270995.7 	-59.0930043 
152613780.3 	-59.0234655 
152957336.5 	-58.9538719 
153301666.2 	-58.8842233 
153646770.9 	-58.8145195 
153992652.6 	-58.74476   
154339312.9 	-58.6749447 
154686753.6 	-58.6050731 
155034976.4 	-58.535145  
155383983.1 	-58.4651601 
155733775.5 	-58.395118  
156084355.3 	-58.3250184 
156435724.4 	-58.2548611 
156787884.4 	-58.1846456 
157140837.2 	-58.1143718 
157494584.5 	-58.0440391 
157849128.2 	-57.9736474 
158204469.9 	-57.9031963 
158560611.7 	-57.8326854 
158917555.1 	-57.7621145 
159275302.1 	-57.6914831 
159633854.4 	-57.620791  
159993213.9 	-57.5500378 
160353382.4 	-57.4792232 
160714361.6 	-57.4083468 
161076153.5 	-57.3374083 
161438759.8 	-57.2664073 
161802182.4 	-57.1953435 
162166423.1 	-57.1242165 
162531483.7 	-57.053026  
162897366.2 	-56.9817715 
163264072.3 	-56.9104529 
163631604   	-56.8390696 
163999963   	-56.7676213 
164369151.2 	-56.6961077 
164739170.5 	-56.6245284 
165110022.8 	-56.552883  
165481710   	-56.4811711 
165854233.9 	-56.4093923 
166227596.3 	-56.3375464 
166601799.3 	-56.2656328 
166976844.7 	-56.1936512 
167352734.3 	-56.1216013 
167729470.1 	-56.0494825 
168107054   	-55.9772946 
168485487.9 	-55.9050371 
168864773.8 	-55.8327097 
169244913.4 	-55.7603119 
169625908.8 	-55.6878433 
170007761.9 	-55.6153035 
170390474.6 	-55.5426922 
170774048.8 	-55.4700088 
171158486.5 	-55.397253  
171543789.6 	-55.3244244 
171929960.1 	-55.2515225 
172317000   	-55.1785469 
172704911.1 	-55.1054972 
173093695.5 	-55.032373  
173483355   	-54.9591737 
173873891.8 	-54.8858991 
174265307.7 	-54.8125486 
174657604.8 	-54.7391218 
175050784.9 	-54.6656182 
175444850.2 	-54.5920375 
175839802.6 	-54.5183791 
176235644.1 	-54.4446426 
176632376.6 	-54.3708275 
177030002.3 	-54.2969334 
177428523.1 	-54.2229598 
177827941   	-54.1489063 
178228258.1 	-54.0747723 
178629476.3 	-54.0005574 
179031597.7 	-53.9262611 
179434624.4 	-53.851883  
179838558.4 	-53.7774224 
180243401.6 	-53.7028791 
180649156.3 	-53.6282524 
181055824.3 	-53.5535418 
181463407.8 	-53.4787469 
181871908.9 	-53.4038672 
182281329.5 	-53.3289021 
182691671.8 	-53.2538512 
183102937.8 	-53.1787139 
183515129.7 	-53.1034897 
183928249.5 	-53.028178  
184342299.2 	-52.9527785 
184757281.1 	-52.8772904 
185173197.1 	-52.8017133 
185590049.5 	-52.7260467 
186007840.2 	-52.65029   
186426571.4 	-52.5744426 
186846245.3 	-52.4985041 
187266863.9 	-52.4224738 
187688429.4 	-52.3463512 
188110943.8 	-52.2701358 
188534409.5 	-52.1938269 
188958828.4 	-52.117424  
189384202.7 	-52.0409265 
189810534.7 	-51.9643339 
190237826.3 	-51.8876455 
190666079.9 	-51.8108607 
191095297.5 	-51.7339791 
191525481.3 	-51.6569999 
191956633.6 	-51.5799226 
192388756.5 	-51.5027465 
192821852.1 	-51.4254711 
193255922.7 	-51.3480957 
193690970.4 	-51.2706197 
194126997.5 	-51.1930426 
194564006.2 	-51.1153635 
195001998.6 	-51.037582  
195440977   	-50.9596973 
195880943.6 	-50.8817089 
196321900.7 	-50.803616  
196763850.4 	-50.7254181 
197206795   	-50.6471144 
197650736.7 	-50.5687043 
198095677.9 	-50.4901872 
198541620.6 	-50.4115622 
198988567.2 	-50.3328289 
199436520   	-50.2539863 
199885481.2 	-50.175034  
200335453   	-50.0959711 
200786437.9 	-50.0167971 
201238437.9 	-49.937511  
201691455.5 	-49.8581123 
202145492.8 	-49.7786003 
202600552.3 	-49.6989741 
203056636.2 	-49.6192331 
203513746.8 	-49.5393764 
203971886.4 	-49.4594035 
204431057.4 	-49.3793135 
204891262   	-49.2991056 
205352502.6 	-49.2187792 
205814781.6 	-49.1383333 
206278101.2 	-49.0577673 
206742463.8 	-48.9770804 
207207871.7 	-48.8962717 
207674327.4 	-48.8153406 
208141833.1 	-48.7342861 
208610391.2 	-48.6531074 
209080004.1 	-48.5718038 
209550674.2 	-48.4903744 
210022403.9 	-48.4088184 
210495195.4 	-48.327135  
210969051.3 	-48.2453233 
211443974   	-48.1633824 
211919965.7 	-48.0813115 
212397029   	-47.9991097 
212875166.2 	-47.9167762 
213354379.7 	-47.8343101 
213834672.1 	-47.7517104 
214316045.7 	-47.6689764 
214798502.9 	-47.586107  
215282046.1 	-47.5031014 
215766677.9 	-47.4199586 
216252400.7 	-47.3366777 
216739217   	-47.2532579 
217227129.1 	-47.169698  
217716139.6 	-47.0859973 
218206250.9 	-47.0021546 
218697465.5 	-46.9181692 
219189785.9 	-46.8340398 
219683214.6 	-46.7497657 
220177754.1 	-46.6653458 
220673406.9 	-46.580779  
221170175.5 	-46.4960644 
221668062.3 	-46.411201  
222167070   	-46.3261876 
222667201   	-46.2410233 
223168457.9 	-46.1557071 
223670843.2 	-46.0702378 
224174359.5 	-45.9846144 
224679009.2 	-45.8988357 
225184794.9 	-45.8129008 
225691719.3 	-45.7268086 
226199784.8 	-45.6405578 
226708994.1 	-45.5541474 
227219349.7 	-45.4675762 
227730854.1 	-45.3808431 
228243510   	-45.293947  
228757320   	-45.2068867 
229272286.7 	-45.119661  
229788412.6 	-45.0322687 
230305700.4 	-44.9447087 
230824152.7 	-44.8569797 
231343772.1 	-44.7690805 
231864561.2 	-44.6810098 
232386522.7 	-44.5927665 
232909659.2 	-44.5043493 
233433973.4 	-44.4157568 
233959467.9 	-44.3269879 
234486145.4 	-44.2380412 
235014008.5 	-44.1489155 
235543059.8 	-44.0596093 
236073302.2 	-43.9701214 
236604738.2 	-43.8804505 
237137370.6 	-43.7905952 
237671202   	-43.700554  
238206235.1 	-43.6103257 
238742472.6 	-43.5199088 
239279917.3 	-43.429302  
239818571.9 	-43.3385037 
240358439.1 	-43.2475126 
240899521.6 	-43.1563271 
241441822.1 	-43.0649459 
241985343.5 	-42.9733675 
242530088.4 	-42.8815902 
243076059.6 	-42.7896127 
243623259.8 	-42.6974334 
244171691.9 	-42.6050508 
244721358.6 	-42.5124632 
245272262.7 	-42.4196692 
245824406.9 	-42.3266671 
246377794.1 	-42.2334552 
246932427   	-42.1400321 
247488308.5 	-42.046396  
248045441.4 	-41.9525452 
248603828.5 	-41.8584781 
249163472.6 	-41.7641931 
249724376.5 	-41.6696882 
250286543.1 	-41.574962  
250849975.2 	-41.4800125 
251414675.7 	-41.384838  
251980647.5 	-41.2894367 
252547893.3 	-41.1938069 
253116416   	-41.0979466 
253686218.6 	-41.0018541 
254257303.9 	-40.9055273 
254829674.8 	-40.8089646 
255403334.2 	-40.7121639 
255978285   	-40.6151233 
256554530   	-40.5178409 
257132072.3 	-40.4203147 
257710914.8 	-40.3225426 
258291060.2 	-40.2245227 
258872511.7 	-40.1262529 
259455272.1 	-40.0277312 
260039344.4 	-39.9289554 
260624731.6 	-39.8299234 
261211436.5 	-39.7306331 
261799462.2 	-39.6310824 
262388811.6 	-39.531269  
262979487.7 	-39.4311907 
263571493.5 	-39.3308453 
264164832   	-39.2302305 
264759506.2 	-39.129344  
265355519.2 	-39.0281835 
265952873.8 	-38.9267466 
266551573.1 	-38.825031  
267151620.3 	-38.7230343 
267753018.2 	-38.6207539 
268355769.9 	-38.5181876 
268959878.6 	-38.4153327 
269565347.1 	-38.3121867 
270172178.7 	-38.2087471 
270780376.3 	-38.1050113 
271389943.1 	-38.0009766 
272000882.1 	-37.8966405 
272613196.4 	-37.7920002 
273226889.2 	-37.687053  
273841963.4 	-37.5817962 
274458422.3 	-37.476227  
275076268.9 	-37.3703425 
275695506.4 	-37.2641399 
276316137.8 	-37.1576162 
276938166.4 	-37.0507687 
277561595.3 	-36.9435942 
278186427.6 	-36.8360898 
278812666.5 	-36.7282525 
279440315.2 	-36.6200791 
280069376.8 	-36.5115665 
280699854.5 	-36.4027115 
281331751.5 	-36.293511  
281965071   	-36.1839617 
282599816.2 	-36.0740602 
283235990.3 	-35.9638033 
283873596.5 	-35.8531875 
284512638   	-35.7422094 
285153118.2 	-35.6308656 
285795040.1 	-35.5191525 
286438407.1 	-35.4070665 
287083222.5 	-35.294604  
287729489.4 	-35.1817613 
288377211.1 	-35.0685347 
289026391   	-34.9549204 
289677032.3 	-34.8409147 
290329138.2 	-34.7265135 
290982712.2 	-34.6117129 
291637757.4 	-34.496509  
292294277.2 	-34.3808977 
292952275   	-34.2648749 
293611754   	-34.1484363 
294272717.6 	-34.0315778 
294935169.1 	-33.9142951 
295599111.9 	-33.7965838 
296264549.4 	-33.6784395 
296931484.8 	-33.5598576 
297599921.6 	-33.4408336 
298269863.2 	-33.321363  
298941312.9 	-33.2014409 
299614274.1 	-33.0810626 
300288750.3 	-32.9602233 
300964744.8 	-32.8389181 
301642261   	-32.7171419 
302321302.5 	-32.5948897 
303001872.6 	-32.4721564 
303683974.7 	-32.3489366 
304367612.4 	-32.2252252 
305052789   	-32.1010166 
305739508.1 	-31.9763054 
306427773.1 	-31.8510861 
307117587.4 	-31.7253529 
307808954.7 	-31.5991002 
308501878.3 	-31.472322  
309196361.7 	-31.3450124 
309892408.6 	-31.2171654 
310590022.4 	-31.0887748 
311289206.6 	-30.9598345 
311989964.7 	-30.8303379 
312692300.4 	-30.7002787 
313396217.1 	-30.5696504 
314101718.5 	-30.4384462 
314808808   	-30.3066593 
315517489.4 	-30.1742828 
316227766   	-30.0413098 
316939641.6 	-29.907733  
317653119.7 	-29.7735451 
318368204   	-29.6387388 
319084898.1 	-29.5033066 
319803205.5 	-29.3672406 
320523129.9 	-29.2305333 
321244675   	-29.0931765 
321967844.4 	-28.9551622 
322692641.8 	-28.8164821 
323419070.8 	-28.6771279 
324147135.1 	-28.537091  
324876838.3 	-28.3963626 
325608184.3 	-28.254934  
326341176.6 	-28.1127961 
327075819   	-27.9699397 
327812115.1 	-27.8263553 
328550068.8 	-27.6820334 
329289683.7 	-27.5369644 
330030963.7 	-27.3911382 
330773912.3 	-27.2445446 
331518533.4 	-27.0971735 
332264830.8 	-26.9490142 
333012808.2 	-26.8000561 
333762469.4 	-26.6502881 
334513818.2 	-26.4996991 
335266858.5 	-26.3482777 
336021593.9 	-26.1960123 
336778028.3 	-26.042891  
337536165.6 	-25.8889018 
338296009.6 	-25.7340321 
339057564   	-25.5782696 
339820832.9 	-25.4216012 
340585820   	-25.2640139 
341352529.2 	-25.1054942 
342120964.3 	-24.9460285 
342891129.4 	-24.7856027 
343663028.1 	-24.6242026 
344436664.6 	-24.4618136 
345212042.6 	-24.2984209 
345989166.1 	-24.1340091 
346768039   	-23.9685627 
347548665.3 	-23.8020659 
348331048.9 	-23.6345024 
349115193.7 	-23.4658556 
349901103.8 	-23.2961087 
350688783.1 	-23.1252442 
351478235.5 	-22.9532444 
352269465.1 	-22.7800913 
353062476   	-22.6057665 
353857271.9 	-22.4302508 
354653857.1 	-22.2535252 
355452235.6 	-22.0755697 
356252411.3 	-21.8963642 
357054388.3 	-21.715888  
357858170.6 	-21.5341201 
358663762.4 	-21.3510389 
359471167.8 	-21.1666224 
360280390.7 	-20.9808479 
361091435.3 	-20.7936925 
361904305.6 	-20.6051326 
362719005.9 	-20.4151442 
363535540.2 	-20.2237027 
364353912.6 	-20.030783  
365174127.3 	-19.8363596 
365996188.4 	-19.6404061 
366820100.1 	-19.4428959 
367645866.5 	-19.2438018 
368473491.9 	-19.043096  
369302980.3 	-18.84075   
370134336.1 	-18.636735  
370967563.4 	-18.4310216 
371802666.4 	-18.2235798 
372639649.3 	-18.0143792 
373478516.4 	-17.8033887 
374319272   	-17.5905769 
375161920.2 	-17.3759119 
376006465.3 	-17.1593613 
376852911.6 	-16.9408923 
377701263.4 	-16.720472  
378551524.9 	-16.4980668 
379403700.5 	-16.2736432 
380257794.5 	-16.0471673 
381113811.2 	-15.8186054 
381971754.9 	-15.5879236 
382831630   	-15.3550881 
383693440.8 	-15.1200657 
384557191.6 	-14.8828232 
385422886.9 	-14.6433283 
386290530.9 	-14.4015495 
387160128.2 	-14.1574563 
388031683.1 	-13.9110194 
388905199.9 	-13.6622113 
389780683.2 	-13.4110066 
390658137.3 	-13.157382  
391537566.7 	-12.9013173 
392418975.8 	-12.6427956 
393302369.2 	-12.3818039 
394187751.1 	-12.1183341 
395075126.2 	-11.8523833 
395964498.9 	-11.5839551 
396855873.7 	-11.3130604 
397749255.1 	-11.0397184 
398644647.7 	-10.763958  
399542055.9 	-10.4858193 
400441484.3 	-10.205355  
401342937.5 	-9.92263235 
402246419.9 	-9.63773484 
403151936.3 	-9.35076469 
404059491.1 	-9.0618451  
404969088.9 	-8.77112294 
405880734.4 	-8.47877162 
406794432.1 	-8.18499425 
407710186.7 	-7.89002695 
408628002.8 	-7.59414243 
409547885   	-7.29765367 
410469838   	-7.00091775 
411393866.5 	-6.70433963 
412319975.1 	-6.40837587 
413248168.5 	-6.11353801 
414178451.4 	-5.82039554 
415110828.6 	-5.52957811 
416045304.6 	-5.24177679 
416981884.3 	-4.95774391 
417920572.3 	-4.6782913  
418861373.5 	-4.40428635 
419804292.6 	-4.13664573 
420749334.3 	-3.87632621 
421696503.4 	-3.62431256 
422645804.8 	-3.38160225 
423597243.2 	-3.1491871  
424550823.4 	-2.92803229 
425506550.2 	-2.71905309 
426464428.6 	-2.5230905  
427424463.3 	-2.34088663 
428386659.1 	-2.17306133 
429351021   	-2.02009148 
430317553.8 	-1.88229417 
431286262.5 	-1.75981515 
432257151.8 	-1.65262325 
433230226.7 	-1.56051125 
434205492.2 	-1.48310311 
435182953.2 	-1.41986712 
436162614.5 	-1.3701338  
437144481.3 	-1.33311757 
438128558.3 	-1.30794056 
439114850.7 	-1.29365725 
440103363.3 	-1.28927879 
441094101.3 	-1.2937956  
442087069.5 	-1.30619784 
443082273   	-1.32549292 
444079716.9 	-1.35071999 
445079406.2 	-1.38096126 
446081346   	-1.41535038 
447085541.2 	-1.45307813 
448091997.1 	-1.49339572 
449100718.6 	-1.53561615 
450111710.9 	-1.57911396 
451124979.2 	-1.62332371 
452140528.4 	-1.66773761 
453158363.8 	-1.71190245 
454178490.4 	-1.7554161  
455200913.6 	-1.79792387 
456225638.3 	-1.83911469 
457252669.9 	-1.87871741 
458282013.5 	-1.91649715 
459313674.2 	-1.9522519  
460347657.4 	-1.98580923 
461383968.3 	-2.01702333 
462422612   	-2.04577223 
463463593.9 	-2.07195531 
464506919.2 	-2.09549101 
465552593.1 	-2.11631475 
466600621   	-2.13437718 
467651008.2 	-2.14964249 
468703760   	-2.16208699 
469758881.7 	-2.17169784 
470816378.6 	-2.17847197 
471876256.1 	-2.18241506 
472938519.5 	-2.18354077 
474003174.2 	-2.18186999 
475070225.7 	-2.17743021 
476139679.2 	-2.17025506 
477211540.2 	-2.16038384 
478285814.2 	-2.1478612  
479362506.5 	-2.13273683 
480441622.5 	-2.11506528 
481523167.9 	-2.09490574 
482607147.9 	-2.072322   
483693568.2 	-2.04738234 
484782434.2 	-2.02015949 
485873751.3 	-1.99073067 
486967525.2 	-1.95917758 
488063761.3 	-1.92558652 
489162465.2 	-1.89004839 
490263642.4 	-1.85265886 
491367298.6 	-1.81351842 
492473439.2 	-1.77273253 
493582070   	-1.7304117  
494693196.4 	-1.68667163 
495806824.2 	-1.6416333  
496922958.9 	-1.59542308 
498041606.1 	-1.54817275 
499162771.6 	-1.5000196  
500286461.1 	-1.45110642 
501412680.1 	-1.40158143 
502541434.4 	-1.3515983  
503672729.7 	-1.30131594 
504806571.7 	-1.25089833 
505942966.1 	-1.20051429 
507081918.8 	-1.15033714 
508223435.4 	-1.10054428 
509367521.7 	-1.05131668 
510514183.5 	-1.00283834 
511663426.6 	-0.95529556 
512815256.9 	-0.90887618 
513969680.1 	-0.86376868 
515126702   	-0.82016125 
516286328.6 	-0.7782407  
517448565.7 	-0.73819129 
518613419.2 	-0.70019355 
519780894.9 	-0.66442297 
520950998.8 	-0.63104867 
522123736.7 	-0.60023202 
523299114.7 	-0.57212532 
524477138.6 	-0.54687036 
525657814.4 	-0.52459717 
526841148.1 	-0.50542272 
528027145.6 	-0.48944975 
529215813.1 	-0.47676573 
530407156.3 	-0.46744188 
531601181.5 	-0.46153246 
532797894.6 	-0.45907411 
533997301.7 	-0.46008549 
535199408.8 	-0.46456701 
536404222   	-0.47250086 
537611747.5 	-0.48385116 
538821991.2 	-0.4985644  
540034959.4 	-0.51656994 
541250658.2 	-0.53778082 
542469093.7 	-0.56209467 
543690272.1 	-0.58939468 
544914199.5 	-0.61955086 
546140882.2 	-0.6524212  
547370326.3 	-0.68785306 
548602538.1 	-0.72568444 
549837523.7 	-0.76574543 
551075289.5 	-0.8078595  
552315841.7 	-0.8518449  
553559186.6 	-0.89751589 
554805330.4 	-0.944684   
556054279.5 	-0.99315919 
557306040.1 	-1.04275087 
558560618.7 	-1.09326895 
559818021.5 	-1.14452467 
561078254.8 	-1.19633141 
562341325.2 	-1.24850536 
563607238.9 	-1.30086615 
564876002.4 	-1.3532373  
566147622   	-1.40544669 
567422104.3 	-1.45732682 
568699455.6 	-1.50871514 
569979682.4 	-1.5594542  
571262791.2 	-1.60939176 
572548788.4 	-1.65838089 
573837680.7 	-1.70627997 
575129474.4 	-1.75295271 
576424176.1 	-1.79826802 
577721792.4 	-1.84210003 
579022329.8 	-1.88432789 
580325795   	-1.92483575 
581632194.4 	-1.96351254 
582941534.7 	-2.00025192 
584253822.6 	-2.0349521  
585569064.5 	-2.06751575 
586887267.3 	-2.09784984 
588208437.6 	-2.1258656  
589532582   	-2.1514784  
590859707.3 	-2.1746077  
592189820.1 	-2.19517703 
593522927.2 	-2.21311399 
594859035.4 	-2.22835033 
596198151.3 	-2.24082198 
597540281.7 	-2.25046923 
598885433.5 	-2.25723692 
600233613.4 	-2.26107471 
601584828.3 	-2.26193739 
602939084.9 	-2.25978533 
604296390.2 	-2.25458499 
605656751   	-2.24630948 
607020174.2 	-2.23493939 
608386666.6 	-2.22046354 
609756235.2 	-2.20288009 
611128886.9 	-2.18219765 
612504628.7 	-2.15843667 
613883467.4 	-2.131631   
615265410.1 	-2.10182966 
616650463.8 	-2.06909891 
618038635.5 	-2.03352451 
619429932.1 	-1.99521439 
620824360.7 	-1.95430152 
622221928.4 	-1.91094717 
623622642.3 	-1.86534454 
625026509.3 	-1.81772266 
626433536.7 	-1.76835073 
627843731.4 	-1.71754269 
629257100.8 	-1.66566211 
630673651.8 	-1.61312724 
632093391.8 	-1.56041613 
633516327.7 	-1.50807167 
634942466.9 	-1.45670633 
636371816.6 	-1.40700621 
637804383.9 	-1.35973425 
639240176.1 	-1.31573194 
640679200.6 	-1.27591922 
642121464.5 	-1.24129187 
643566975.1 	-1.21291588 
645015739.8 	-1.19191827 
646467765.9 	-1.17947379 
647923060.7 	-1.17678716 
649381631.6 	-1.18507095 
650843485.9 	-1.20551907 
652308631.1 	-1.23927679 
653777074.6 	-1.28740817 
655248823.7 	-1.35086273 
656723886   	-1.43044301 
658202268.9 	-1.5267753  
659683979.8 	-1.64028571 
661169026.2 	-1.77118328 
662657415.8 	-1.9194518  
664149155.9 	-2.08485068 
665644254.1 	-2.26692515 
667142718   	-2.46502467 
668644555.2 	-2.67832819 
670149773.3 	-2.90587419 
671658379.8 	-3.14659347 
673170382.4 	-3.39934253 
674685788.8 	-3.66293558 
676204606.5 	-3.93617394 
677726843.4 	-4.21787159 
679252507   	-4.50687641 
680781605.1 	-4.80208696 
682314145.5 	-5.10246482 
683850135.8 	-5.40704303 
685389583.9 	-5.71493096 
686932497.5 	-6.02531631 
688478884.4 	-6.33746481 
690028752.4 	-6.65071808 
691582109.5 	-6.96449022 
693138963.4 	-7.27826351 
694699322   	-7.59158357 
696263193.2 	-7.90405423 
697830584.9 	-8.21533242 
699401505   	-8.52512303 
700975961.5 	-8.8331741  
702553962.3 	-9.13927218 
704135515.5 	-9.44323807 
705720628.9 	-9.74492288 
707309310.7 	-10.0442045 
708901568.9 	-10.3409842 
710497411.4 	-10.6351839 
712096846.5 	-10.9267433 
713699882.1 	-11.2156179 
715306526.3 	-11.5017767 
716916787.4 	-11.7852001 
718530673.4 	-12.065879  
720148192.5 	-12.3438127 
721769352.9 	-12.6190078 
723394162.7 	-12.8914775 
725022630.3 	-13.1612402 
726654763.7 	-13.4283186 
728290571.4 	-13.6927395 
729930061.4 	-13.9545326 
731573242.2 	-14.2137302 
733220122.1 	-14.4703669 
734870709.3 	-14.7244786 
736525012.3 	-14.9761029 
738183039.3 	-15.2252781 
739844798.8 	-15.4720433 
741510299.1 	-15.7164382 
743179548.8 	-15.9585027 
744852556.2 	-16.1982768 
746529329.7 	-16.4358006 
748209877.9 	-16.6711139 
749894209.3 	-16.9042562 
751582332.4 	-17.1352669 
753274255.7 	-17.3641849 
754969987.7 	-17.5910483 
756669537.1 	-17.8158952 
758372912.5 	-18.0387626 
760080122.4 	-18.2596874 
761791175.4 	-18.4787054 
763506080.3 	-18.6958521 
765224845.7 	-18.9111622 
766947480.4 	-19.1246695 
768673992.9 	-19.3364076 
770404392   	-19.5464089 
772138686.5 	-19.7547055 
773876885.2 	-19.9613287 
775618996.9 	-20.1663089 
777365030.2 	-20.3696762 
779114994.2 	-20.5714598 
780868897.6 	-20.7716882 
782626749.3 	-20.9703894 
784388558.1 	-21.1675907 
786154333.1 	-21.3633188 
787924083.1 	-21.5575998 
789697817   	-21.750459  
791475543.9 	-21.9419215 
793257272.8 	-22.1320114 
795043012.5 	-22.3207526 
796832772.2 	-22.5081682 
798626561   	-22.6942809 
800424387.8 	-22.8791128 
802226261.8 	-23.0626855 
804032192.1 	-23.2450202 
805842187.8 	-23.4261374 
807656258   	-23.6060574 
809474412   	-23.7847999 
811296659   	-23.9623841 
813123008.1 	-24.1388288 
814953468.5 	-24.3141525 
816788049.6 	-24.488373  
818626760.7 	-24.6615081 
820469610.9 	-24.8335749 
822316609.7 	-25.0045901 
824167766.3 	-25.1745703 
826023090.2 	-25.3435315 
827882590.6 	-25.5114894 
829746277.1 	-25.6784594 
831614159   	-25.8444566 
833486245.8 	-26.0094956 
835362547   	-26.1735909 
837243071.9 	-26.3367567 
839127830.2 	-26.4990066 
841016831.4 	-26.6603542 
842910085   	-26.8208128 
844807600.6 	-26.9803952 
846709387.8 	-27.1391143 
848615456.2 	-27.2969823 
850525815.4 	-27.4540116 
852440475.2 	-27.6102139 
854359445.1 	-27.765601  
856282734.9 	-27.9201844 
858210354.3 	-28.0739753 
860142313.1 	-28.2269845 
862078621   	-28.3792231 
864019287.8 	-28.5307014 
865964323.4 	-28.68143   
867913737.5 	-28.8314188 
869867540   	-28.980678  
871825740.8 	-29.1292172 
873788349.9 	-29.2770462 
875755377   	-29.4241742 
877726832.2 	-29.5706105 
879702725.5 	-29.7163642 
881683066.8 	-29.8614442 
883667866.1 	-30.0058592 
885657133.5 	-30.1496177 
887650879.1 	-30.2927282 
889649112.8 	-30.435199  
891651844.9 	-30.5770381 
893659085.4 	-30.7182535 
895670844.6 	-30.8588531 
897687132.4 	-30.9988445 
899707959.3 	-31.1382353 
901733335.3 	-31.2770328 
903763270.8 	-31.4152445 
905797775.9 	-31.5528774 
907836861.1 	-31.6899386 
909880536.5 	-31.826435  
911928812.5 	-31.9623735 
913981699.5 	-32.0977606 
916039207.8 	-32.232603  
918101347.9 	-32.3669072 
920168130.2 	-32.5006795 
922239565.1 	-32.6339261 
924315663.1 	-32.7666533 
926396434.8 	-32.898867  
928481890.5 	-33.0305732 
930572040.9 	-33.1617779 
932666896.6 	-33.2924867 
934766468.1 	-33.4227053 
936870766   	-33.5524393 
938979801   	-33.6816942 
941093583.8 	-33.8104754 
943212125   	-33.9387882 
945335435.4 	-34.0666379 
947463525.7 	-34.1940296 
949596406.6 	-34.3209685 
951734088.9 	-34.4474595 
953876583.5 	-34.5735075 
956023901.1 	-34.6991175 
958176052.7 	-34.8242941 
960333049.1 	-34.9490421 
962494901.2 	-35.0733662 
964661619.9 	-35.1972709 
966833216.3 	-35.3207606 
969009701.2 	-35.44384   
971191085.7 	-35.5665133 
973377380.9 	-35.6887848 
975568597.7 	-35.8106588 
977764747.3 	-35.9321396 
979965840.8 	-36.0532311 
982171889.2 	-36.1739375 
984382903.8 	-36.2942628 
986598895.7 	-36.414211  
988819876.1 	-36.5337859 
991045856.2 	-36.6529914 
993276847.4 	-36.7718314 
995512860.9 	-36.8903094 
997753908   	-37.0084293 
1000000000  	-37.1261947 
1002251148  	-37.2436092 
1004507364  	-37.3606763 
1006768659  	-37.4773995 
1009035045  	-37.5937822 
1011306532  	-37.709828  
1013583133  	-37.82554   
1015864859  	-37.9409217 
1018151722  	-38.0559763 
1020443732  	-38.170707  
1022740902  	-38.2851171 
1025043244  	-38.3992097 
1027350768  	-38.5129878 
1029663487  	-38.6264546 
1031981412  	-38.739613  
1034304556  	-38.8524661 
1036632928  	-38.9650168 
1038966543  	-39.0772681 
1041305411  	-39.1892228 
1043649544  	-39.3008837 
1045998953  	-39.4122536 
1048353652  	-39.5233354 
1050713652  	-39.6341317 
1053078964  	-39.7446453 
1055449601  	-39.8548789 
1057825574  	-39.964835  
1060206897  	-40.0745163 
1062593580  	-40.1839254 
1064985635  	-40.2930648 
1067383076  	-40.401937  
1069785914  	-40.5105445 
1072194160  	-40.6188897 
1074607828  	-40.7269752 
1077026930  	-40.8348032 
1079451477  	-40.9423762 
1081881483  	-41.0496965 
1084316958  	-41.1567664 
1086757917  	-41.2635882 
1089204370  	-41.3701642 
1091656330  	-41.4764966 
1094113811  	-41.5825875 
1096576823  	-41.6884393 
1099045380  	-41.7940541 
1101519494  	-41.8994339 
1103999178  	-42.004581  
1106484444  	-42.1094974 
1108975304  	-42.2141851 
1111471772  	-42.3186462 
1113973860  	-42.4228828 
1116481580  	-42.5268968 
1118994946  	-42.6306902 
1121513970  	-42.734265  
1124038664  	-42.8376231 
1126569041  	-42.9407664 
1129105115  	-43.0436968 
1131646899  	-43.1464161 
1134194404  	-43.2489263 
1136747643  	-43.3512292 
1139306631  	-43.4533265 
1141871379  	-43.55522   
1144441901  	-43.6569117 
1147018209  	-43.7584031 
1149600317  	-43.859696  
1152188238  	-43.9607922 
1154781985  	-44.0616934 
1157381570  	-44.1624012 
1159987008  	-44.2629173 
1162598311  	-44.3632433 
1165215492  	-44.4633809 
1167838565  	-44.5633318 
1170467542  	-44.6630974 
1173102438  	-44.7626794 
1175743266  	-44.8620794 
1178390038  	-44.9612988 
1181042769  	-45.0603393 
1183701472  	-45.1592024 
1186366159  	-45.2578895 
1189036845  	-45.3564021 
1191713543  	-45.4547418 
1194396267  	-45.5529099 
1197085030  	-45.650908  
1199779846  	-45.7487375 
1202480729  	-45.8463997 
1205187691  	-45.9438961 
1207900747  	-46.0412281 
1210619911  	-46.138397  
1213345196  	-46.2354043 
1216076616  	-46.3322512 
1218814185  	-46.4289391 
1221557916  	-46.5254693 
1224307824  	-46.6218432 
1227063923  	-46.7180619 
1229826226  	-46.8141269 
1232594747  	-46.9100394 
1235369500  	-47.0058007 
1238150500  	-47.101412  
1240937761  	-47.1968745 
1243731296  	-47.2921895 
1246531119  	-47.3873581 
1249337246  	-47.4823817 
1252149689  	-47.5772613 
1254968464  	-47.6719982 
1257793584  	-47.7665936 
1260625064  	-47.8610485 
1263462918  	-47.9553642 
1266307160  	-48.0495418 
1269157805  	-48.1435823 
1272014868  	-48.2374871 
1274878362  	-48.331257  
1277748302  	-48.4248933 
1280624703  	-48.518397  
1283507579  	-48.6117692 
1286396945  	-48.705011  
1289292815  	-48.7981235 
1292195205  	-48.8911076 
1295104128  	-48.9839644 
1298019599  	-49.0766949 
1300941634  	-49.1693003 
1303870246  	-49.2617814 
1306805451  	-49.3541393 
1309747264  	-49.446375  
1312695700  	-49.5384895 
1315650772  	-49.6304837 
1318612497  	-49.7223586 
1321580890  	-49.8141152 
1324555964  	-49.9057544 
1327537736  	-49.9972772 
1330526220  	-50.0886845 
1333521432  	-50.1799772 
1336523387  	-50.2711563 
1339532099  	-50.3622226 
1342547584  	-50.4531771 
1345569858  	-50.5440206 
1348598935  	-50.6347541 
1351634832  	-50.7253785 
1354677562  	-50.8158945 
1357727142  	-50.9063031 
1360783587  	-50.9966051 
1363846913  	-51.0868014 
1366917135  	-51.1768928 
1369994268  	-51.2668801 
1373078328  	-51.3567643 
1376169331  	-51.446546  
1379267292  	-51.5362262 
1382372227  	-51.6258056 
1385484152  	-51.715285  
1388603083  	-51.8046653 
1391729034  	-51.8939471 
1394862022  	-51.9831314 
1398002064  	-52.0722188 
1401149174  	-52.1612102 
1404303368  	-52.2501063 
1407464663  	-52.3389078 
1410633075  	-52.4276155 
1413808619  	-52.5162302 
1416991312  	-52.6047526 
1420181170  	-52.6931834 
1423378208  	-52.7815234 
1426582444  	-52.8697732 
1429793892  	-52.9579336 
1433012570  	-53.0460053 
1436238494  	-53.133989  
1439471680  	-53.2218853 
1442712144  	-53.3096951 
1445959903  	-53.3974189 
1449214973  	-53.4850575 
1452477371  	-53.5726115 
1455747113  	-53.6600815 
1459024216  	-53.7474684 
1462308696  	-53.8347726 
1465600569  	-53.9219949 
1468899853  	-54.0091359 
1472206565  	-54.0961963 
1475520720  	-54.1831766 
1478842336  	-54.2700776 
1482171429  	-54.3568999 
1485508017  	-54.443644  
1488852116  	-54.5303106 
1492203743  	-54.6169003 
1495562915  	-54.7034137 
1498929649  	-54.7898514 
1502303962  	-54.8762141 
1505685871  	-54.9625022 
1509075393  	-55.0487165 
1512472545  	-55.1348574 
1515877345  	-55.2209256 
1519289810  	-55.3069216 
1522709957  	-55.392846  
1526137803  	-55.4786994 
1529573365  	-55.5644824 
1533016662  	-55.6501954 
1536467709  	-55.735839  
1539926526  	-55.8214139 
1543393129  	-55.9069205 
1546867536  	-55.9923594 
1550349764  	-56.0777311 
1553839831  	-56.1630361 
1557337755  	-56.248275  
1560843553  	-56.3334483 
1564357244  	-56.4185565 
1567878844  	-56.5036001 
1571408372  	-56.5885797 
1574945845  	-56.6734958 
1578491282  	-56.7583488 
1582044699  	-56.8431392 
1585606117  	-56.9278676 
1589175551  	-57.0125345 
1592753021  	-57.0971402 
1596338544  	-57.1816854 
1599932139  	-57.2661705 
1603533824  	-57.350596  
1607143616  	-57.4349623 
1610761535  	-57.5192699 
1614387598  	-57.6035194 
1618021824  	-57.687711  
1621664231  	-57.7718454 
1625314837  	-57.855923  
1628973662  	-57.9399441 
1632640723  	-58.0239094 
1636316040  	-58.1078191 
1639999630  	-58.1916738 
1643691512  	-58.2754739 
1647391705  	-58.3592198 
1651100228  	-58.442912  
1654817100  	-58.5265509 
1658542339  	-58.6101369 
1662275963  	-58.6936705 
1666017993  	-58.777152  
1669768447  	-58.8605818 
1673527343  	-58.9439605 
1677294701  	-59.0272884 
1681070540  	-59.1105659 
1684854879  	-59.1937934 
1688647738  	-59.2769713 
1692449134  	-59.3601    
1696259088  	-59.4431799 
1700077619  	-59.5262114 
1703904746  	-59.6091949 
1707740488  	-59.6921308 
1711584865  	-59.7750194 
1715437896  	-59.8578612 
1719299601  	-59.9406565 
1723170000  	-60.0234057 
1727049111  	-60.1061091 
1730936955  	-60.1887672 
1734833550  	-60.2713803 
1738738918  	-60.3539487 
1742653077  	-60.4364728 
1746576048  	-60.5189531 
1750507849  	-60.6013897 
1754448502  	-60.6837832 
1758398026  	-60.7661338 
1762356441  	-60.8484419 
1766323766  	-60.9307078 
1770300023  	-61.0129319 
1774285231  	-61.0951145 
1778279410  	-61.177256  
1782282581  	-61.2593566 
1786294763  	-61.3414168 
1790315977  	-61.4234368 
1794346244  	-61.5054171 
1798385584  	-61.5873578 
1802434016  	-61.6692593 
1806491563  	-61.751122  
1810558243  	-61.8329462 
1814634078  	-61.9147321 
1818719089  	-61.9964801 
1822813295  	-62.0781906 
1826916718  	-62.1598637 
1831029378  	-62.2414999 
1835151297  	-62.3230994 
1839282495  	-62.4046625 
1843422992  	-62.4861895 
1847572811  	-62.5676808 
1851731971  	-62.6491366 
1855900495  	-62.7305572 
1860078402  	-62.8119429 
1864265714  	-62.893294  
1868462453  	-62.9746108 
1872668639  	-63.0558936 
1876884294  	-63.1371426 
1881109438  	-63.2183581 
1885344095  	-63.2995404 
1889588284  	-63.3806898 
1893842027  	-63.4618066 
1898105347  	-63.542891  
1902378263  	-63.6239433 
1906660799  	-63.7049637 
1910952975  	-63.7859526 
1915254813  	-63.8669102 
1919566336  	-63.9478367 
1923887565  	-64.0287324 
1928218521  	-64.1095977 
1932559227  	-64.1904326 
1936909704  	-64.2712376 
1941269975  	-64.3520128 
1945640062  	-64.4327584 
1950019986  	-64.5134749 
1954409770  	-64.5941623 
1958809436  	-64.6748209 
1963219007  	-64.755451  
1967638504  	-64.8360528 
1972067950  	-64.9166266 
1976507367  	-64.9971726 
1980956779  	-65.077691  
1985416206  	-65.158182  
1989885672  	-65.238646  
1994365200  	-65.3190831 
1998854812  	-65.3994936 
2003354530  	-65.4798776 
2007864379  	-65.5602354 
2012384379  	-65.6405673 
2016914555  	-65.7208735 
2021454928  	-65.8011541 
2026005523  	-65.8814094 
2030566362  	-65.9616396 
2035137468  	-66.041845  
2039718864  	-66.1220257 
2044310574  	-66.2021819 
2048912620  	-66.282314  
2053525026  	-66.362422  
2058147816  	-66.4425062 
2062781012  	-66.5225668 
2067424638  	-66.602604  
2072078717  	-66.682618  
2076743274  	-66.762609  
2081418331  	-66.8425772 
2086103912  	-66.9225228 
2090800041  	-67.002446  
2095506742  	-67.082347  
2100224039  	-67.1622259 
2104951954  	-67.2420831 
2109690513  	-67.3219187 
2114439740  	-67.4017328 
2119199657  	-67.4815256 
2123970290  	-67.5612974 
2128751662  	-67.6410484 
2133543797  	-67.7207786 
2138346721  	-67.8004883 
2143160457  	-67.8801778 
2147985029  	-67.959847  
2152820461  	-68.0394963 
2157666779  	-68.1191258 
2162524007  	-68.1987357 
2167392170  	-68.2783262 
2172271291  	-68.3578974 
2177161396  	-68.4374495 
2182062509  	-68.5169827 
2186974655  	-68.5964971 
2191897859  	-68.675993  
2196832146  	-68.7554704 
2201777541  	-68.8349296 
2206734069  	-68.9143707 
2211701755  	-68.9937939 
2216680623  	-69.0731993 
2221670700  	-69.1525872 
2226672010  	-69.2319575 
2231684579  	-69.3113107 
2236708432  	-69.3906466 
2241743595  	-69.4699657 
2246790092  	-69.5492679 
2251847949  	-69.6285534 
2256917193  	-69.7078224 
2261997848  	-69.7870751 
2267089941  	-69.8663116 
2272193497  	-69.945532  
2277308541  	-70.0247365 
2282435100  	-70.1039253 
2287573200  	-70.1830984 
2292722867  	-70.2622561 
2297884126  	-70.3413984 
2303057004  	-70.4205255 
2308241527  	-70.4996377 
2313437721  	-70.5787348 
2318645612  	-70.6578173 
2323865227  	-70.7368851 
2329096592  	-70.8159384 
2334339734  	-70.8949773 
2339594679  	-70.9740021 
2344861454  	-71.0530127 
2350140085  	-71.1320094 
2355430598  	-71.2109923 
2360733022  	-71.2899614 
2366047382  	-71.368917  
2371373706  	-71.4478592 
2376712020  	-71.5267881 
2382062351  	-71.6057038 
2387424726  	-71.6846064 
2392799173  	-71.7634961 
2398185719  	-71.842373  
2403584391  	-71.9212372 
2408995216  	-72.0000888 
2414418221  	-72.078928  
2419853435  	-72.1577549 
2425300884  	-72.2365696 
2430760596  	-72.3153722 
2436232598  	-72.3941628 
2441716919  	-72.4729416 
2447213586  	-72.5517086 
2452722627  	-72.630464  
2458244069  	-72.7092079 
2463777941  	-72.7879404 
2469324270  	-72.8666616 
2474883085  	-72.9453717 
2480454414  	-73.0240706 
2486038285  	-73.1027587 
2491634726  	-73.1814358 
2497243765  	-73.2601022 
2502865431  	-73.338758  
2508499752  	-73.4174033 
2514146757  	-73.4960381 
2519806475  	-73.5746627 
2525478933  	-73.6532769 
2531164160  	-73.7318811 
2536862186  	-73.8104753 
2542573039  	-73.8890595 
2548296748  	-73.967634  
2554033342  	-74.0461987 
2559782850  	-74.1247538 
2565545300  	-74.2032994 
2571320723  	-74.2818355 
2577109148  	-74.3603624 
2582910602  	-74.43888   
2588725117  	-74.5173884 
2594552721  	-74.5958879 
2600393444  	-74.6743783 
2606247316  	-74.7528599 
2612114365  	-74.8313327 
2617994622  	-74.9097969 
2623888116  	-74.9882525 
2629794877  	-75.0666995 
2635714935  	-75.1451382 
2641648320  	-75.2235685 
2647595062  	-75.3019906 
2653555192  	-75.3804045 
2659528738  	-75.4588104 
2665515731  	-75.5372083 
2671516203  	-75.6155983 
2677530182  	-75.6939805 
2683557699  	-75.7723549 
2689598786  	-75.8507217 
2695653471  	-75.9290809 
2701721787  	-76.0074327 
2707803763  	-76.085777  
2713899431  	-76.164114  
2720008821  	-76.2424438 
2726131964  	-76.3207663 
2732268892  	-76.3990818 
2738419634  	-76.4773903 
2744584223  	-76.5556918 
2750762689  	-76.6339865 
2756955064  	-76.7122744 
2763161378  	-76.7905555 
2769381664  	-76.86883   
2775615953  	-76.947098  
2781864276  	-77.0253594 
2788126665  	-77.1036144 
2794403152  	-77.1818631 
2800693768  	-77.2601055 
2806998545  	-77.3383416 
2813317515  	-77.4165716 
2819650710  	-77.4947956 
2825998162  	-77.5730135 
2832359903  	-77.6512255 
2838735965  	-77.7294316 
2845126380  	-77.8076319 
2851531182  	-77.8858265 
2857950401  	-77.9640153 
2864384071  	-78.0421986 
2870832225  	-78.1203763 
2877294894  	-78.1985486 
2883772111  	-78.2767154 
2890263910  	-78.3548769 
2896770323  	-78.433033  
2903291382  	-78.5111839 
2909827122  	-78.5893297 
2916377574  	-78.6674703 
2922942772  	-78.7456059 
2929522750  	-78.8237365 
2936117540  	-78.9018622 
2942727176  	-78.9799829 
2949351691  	-79.0580989 
2955991119  	-79.1362101 
2962645494  	-79.2143166 
2969314848  	-79.2924184 
2975999216  	-79.3705157 
2982698632  	-79.4486084 
2989413129  	-79.5266966 
2996142741  	-79.6047804 
3002887503  	-79.6828599 
3009647448  	-79.760935  
3016422610  	-79.8390058 
3023213025  	-79.9170725 
3030018726  	-79.9951349 
3036839747  	-80.0731933 
3043676124  	-80.1512476 
3050527890  	-80.2292979 
3057395081  	-80.3073442 
3064277731  	-80.3853866 
3071175874  	-80.4634252 
3078089547  	-80.5414599 
3085018783  	-80.6194909 
3091963617  	-80.6975181 
3098924086  	-80.7755417 
3105900224  	-80.8535617 
3112892066  	-80.9315781 
3119899647  	-81.009591  
3126923004  	-81.0876004 
3133962171  	-81.1656064 
3141017185  	-81.243609  
3148088080  	-81.3216082 
3155174894  	-81.3996041 
3162277660  	-81.4775968 
3169396416  	-81.5555863 
3176531197  	-81.6335726 
3183682040  	-81.7115557 
3190848981  	-81.7895358 
3198032055  	-81.8675128 
3205231299  	-81.9454869 
3212446750  	-82.0234579 
3219678444  	-82.1014261 
3226926418  	-82.1793914 
3234190708  	-82.2573538 
3241471351  	-82.3353134 
3248768383  	-82.4132703 
3256081843  	-82.4912245 
3263411766  	-82.569176  
3270758190  	-82.6471248 
3278121151  	-82.725071  
3285500688  	-82.8030147 
3292896837  	-82.8809558 
3300309637  	-82.9588944 
3307739123  	-83.0368306 
3315185334  	-83.1147643 
3322648308  	-83.1926957 
3330128082  	-83.2706247 
3337624694  	-83.3485514 
3345138182  	-83.4264758 
3352668585  	-83.504398  
3360215939  	-83.5823179 
3367780283  	-83.6602357 
3375361656  	-83.7381513 
3382960096  	-83.8160648 
3390575640  	-83.8939763 
3398208329  	-83.9718857 
3405858200  	-84.049793  
3413525292  	-84.1276984 
3421209643  	-84.2056019 
3428911294  	-84.2835034 
3436630281  	-84.361403  
3444366646  	-84.4393008 
3452120426  	-84.5171968 
3459891661  	-84.5950909 
3467680390  	-84.6729833 
3475486653  	-84.750874  
3483310489  	-84.8287629 
3491151937  	-84.9066502 
3499011038  	-84.9845358 
3506887831  	-85.0624198 
3514782355  	-85.1403022 
3522694651  	-85.218183  
3530624760  	-85.2960623 
3538572719  	-85.3739401 
3546538571  	-85.4518164 
3554522356  	-85.5296912 
3562524113  	-85.6075646 
3570543883  	-85.6854366 
3578581706  	-85.7633072 
3586637624  	-85.8411765 
3594711678  	-85.9190445 
3602803907  	-85.9969111 
3610914353  	-86.0747765 
3619043056  	-86.1526406 
3627190059  	-86.2305035 
3635355402  	-86.3083651 
3643539126  	-86.3862256 
3651741273  	-86.464085  
3659961884  	-86.5419432 
3668201001  	-86.6198003 
3676458665  	-86.6976563 
3684734919  	-86.7755113 
3693029803  	-86.8533652 
3701343361  	-86.9312181 
3709675634  	-87.0090699 
3718026664  	-87.0869209 
3726396493  	-87.1647708 
3734785164  	-87.2426199 
3743192720  	-87.320468  
3751619202  	-87.3983152 
3760064653  	-87.4761616 
3768529116  	-87.5540071 
3777012634  	-87.6318518 
3785515249  	-87.7096957 
3794037005  	-87.7875388 
3802577945  	-87.8653811 
3811138112  	-87.9432227 
3819717549  	-88.0210635 
3828316300  	-88.0989036 
3836934408  	-88.1767431 
3845571916  	-88.2545819 
3854228869  	-88.33242   
3862905309  	-88.4102574 
3871601282  	-88.4880943 
3880316831  	-88.5659306 
3889051999  	-88.6437662 
3897806832  	-88.7216014 
3906581373  	-88.7994359 
3915375667  	-88.87727   
3924189758  	-88.9551035 
3933023692  	-89.0329365 
3941877511  	-89.110769  
3950751262  	-89.1886011 
3959644989  	-89.2664327 
3968558737  	-89.3442639 
3977492551  	-89.4220947 
3986446477  	-89.4999251 
3995420559  	-89.5777551 
4004414843  	-89.6555847 
4013429375  	-89.733414  
4022464199  	-89.8112429 
4031519363  	-89.8890715 
4040594911  	-89.9668998 
4049690889  	-90.0447278 
4058807344  	-90.1225555 
4067944321  	-90.200383  
4077101867  	-90.2782102 
4086280028  	-90.3560372 
4095478850  	-90.4338639 
4104698380  	-90.5116904 
4113938665  	-90.5895167 
4123199751  	-90.6673429 
4132481685  	-90.7451688 
4141784514  	-90.8229946 
4151108286  	-90.9008203 
4160453046  	-90.9786458 
4169818843  	-91.0564712 
4179205723  	-91.1342965 
4188613735  	-91.2121217 
4198042926  	-91.2899468 
4207493343  	-91.3677719 
4216965034  	-91.4455969 
4226458048  	-91.5234218 
4235972432  	-91.6012467 
4245508234  	-91.6790715 
4255065502  	-91.7568964 
4264644286  	-91.8347212 
4274244633  	-91.9125461 
4283866591  	-91.9903709 
4293510210  	-92.0681958 
4303175538  	-92.1460208 
4312862625  	-92.2238457 
4322571518  	-92.3016708 
4332302267  	-92.3794959 
4342054922  	-92.4573211 
4351829532  	-92.5351463 
4361626145  	-92.6129717 
4371444813  	-92.6907972 
4381285583  	-92.7686228 
4391148507  	-92.8464485 
4401033633  	-92.9242744 
4410941013  	-93.0021004 
4420870695  	-93.0799265 
4430822730  	-93.1577529 
4440797169  	-93.2355794 
4450794062  	-93.313406  
4460813460  	-93.3912329 
4470855412  	-93.46906   
4480919971  	-93.5468872 
4491007186  	-93.6247147 
4501117109  	-93.7025424 
4511249792  	-93.7803704 
4521405284  	-93.8581986 
4531583638  	-93.936027  
4541784904  	-94.0138557 
4552009136  	-94.0916846 
4562256383  	-94.1695138 
4572526699  	-94.2473433 
4582820135  	-94.3251731 
4593136742  	-94.4030032 
4603476574  	-94.4808335 
4613839683  	-94.5586642 
4624226120  	-94.6364952 
4634635939  	-94.7143265 
4645069192  	-94.7921581 
4655525931  	-94.8699901 
4666006210  	-94.9478224 
4676510082  	-95.0256551 
4687037600  	-95.1034881 
4697588817  	-95.1813214 
4708163786  	-95.2591551 
4718762561  	-95.3369892 
4729385195  	-95.4148237 
4740031742  	-95.4926586 
4750702257  	-95.5704938 
4761396792  	-95.6483295 
4772115402  	-95.7261655 
4782858142  	-95.804002  
4793625065  	-95.8818388 
4804416225  	-95.9596761 
4815231679  	-96.0375138 
4826071479  	-96.1153519 
4836935682  	-96.1931905 
4847824342  	-96.2710295 
4858737513  	-96.3488689 
4869675252  	-96.4267088 
4880637613  	-96.5045492 
4891624652  	-96.58239   
4902636424  	-96.6602312 
4913672986  	-96.7380729 
4924734392  	-96.8159151 
4935820700  	-96.8937578 
4946931964  	-96.971601  
4958068242  	-97.0494446 
4969229589  	-97.1272887 
4980416061  	-97.2051334 
4991627716  	-97.2829785 
