Frequency  	Phase      
10000000    	-90.5491991 
10022511.48 	-90.5515445 
10045073.64 	-90.5538927 
10067686.59 	-90.5562437 
10090350.45 	-90.5585975 
10113065.32 	-90.5609541 
10135831.33 	-90.5633136 
10158648.59 	-90.565676  
10181517.22 	-90.5680412 
10204437.32 	-90.5704093 
10227409.02 	-90.5727802 
10250432.44 	-90.5751541 
10273507.68 	-90.5775309 
10296634.87 	-90.5799106 
10319814.12 	-90.5822933 
10343045.56 	-90.5846789 
10366329.28 	-90.5870675 
10389665.43 	-90.589459  
10413054.11 	-90.5918536 
10436495.44 	-90.5942511 
10459989.53 	-90.5966516 
10483536.52 	-90.5990552 
10507136.52 	-90.6014618 
10530789.64 	-90.6038715 
10554496.01 	-90.6062842 
10578255.74 	-90.6087    
10602068.97 	-90.6111189 
10625935.8  	-90.6135408 
10649856.35 	-90.6159659 
10673830.76 	-90.6183941 
10697859.14 	-90.6208255 
10721941.6  	-90.62326   
10746078.28 	-90.6256976 
10770269.3  	-90.6281384 
10794514.77 	-90.6305824 
10818814.83 	-90.6330296 
10843169.58 	-90.6354801 
10867579.17 	-90.6379337 
10892043.7  	-90.6403906 
10916563.3  	-90.6428507 
10941138.11 	-90.645314  
10965768.23 	-90.6477807 
10990453.8  	-90.6502506 
11015194.94 	-90.6527238 
11039991.78 	-90.6552004 
11064844.44 	-90.6576802 
11089753.04 	-90.6601634 
11114717.72 	-90.6626499 
11139738.6  	-90.6651398 
11164815.8  	-90.6676331 
11189949.46 	-90.6701297 
11215139.7  	-90.6726298 
11240386.64 	-90.6751332 
11265690.41 	-90.6776401 
11291051.15 	-90.6801504 
11316468.99 	-90.6826642 
11341944.04 	-90.6851814 
11367476.43 	-90.6877021 
11393066.31 	-90.6902263 
11418713.79 	-90.692754  
11444419.01 	-90.6952852 
11470182.09 	-90.6978199 
11496003.17 	-90.7003582 
11521882.38 	-90.7029    
11547819.85 	-90.7054454 
11573815.7  	-90.7079943 
11599870.08 	-90.7105469 
11625983.11 	-90.713103  
11652154.92 	-90.7156628 
11678385.65 	-90.7182262 
11704675.42 	-90.7207932 
11731024.38 	-90.7233639 
11757432.66 	-90.7259382 
11783900.38 	-90.7285163 
11810427.69 	-90.731098  
11837014.72 	-90.7336834 
11863661.59 	-90.7362726 
11890368.45 	-90.7388655 
11917135.43 	-90.7414621 
11943962.67 	-90.7440625 
11970850.3  	-90.7466667 
11997798.46 	-90.7492747 
12024807.29 	-90.7518864 
12051876.91 	-90.754502  
12079007.47 	-90.7571214 
12106199.11 	-90.7597446 
12133451.96 	-90.7623717 
12160766.16 	-90.7650027 
12188141.85 	-90.7676375 
12215579.16 	-90.7702762 
12243078.24 	-90.7729189 
12270639.23 	-90.7755654 
12298262.26 	-90.7782159 
12325947.47 	-90.7808703 
12353695    	-90.7835287 
12381505    	-90.7861911 
12409377.61 	-90.7888575 
12437312.96 	-90.7915278 
12465311.19 	-90.7942022 
12493372.46 	-90.7968806 
12521496.89 	-90.799563  
12549684.64 	-90.8022495 
12577935.84 	-90.8049401 
12606250.64 	-90.8076347 
12634629.18 	-90.8103335 
12663071.6  	-90.8130363 
12691578.05 	-90.8157433 
12720148.68 	-90.8184544 
12748783.62 	-90.8211697 
12777483.02 	-90.8238891 
12806247.03 	-90.8266128 
12835075.79 	-90.8293406 
12863969.45 	-90.8320726 
12892928.15 	-90.8348088 
12921952.05 	-90.8375493 
12951041.28 	-90.840294  
12980195.99 	-90.843043  
13009416.34 	-90.8457962 
13038702.46 	-90.8485538 
13068054.51 	-90.8513156 
13097472.64 	-90.8540818 
13126957    	-90.8568523 
13156507.72 	-90.8596272 
13186124.97 	-90.8624064 
13215808.9  	-90.86519   
13245559.64 	-90.867978  
13275377.36 	-90.8707703 
13305262.2  	-90.8735671 
13335214.32 	-90.8763684 
13365233.87 	-90.8791741 
13395320.99 	-90.8819842 
13425475.84 	-90.8847988 
13455698.58 	-90.8876179 
13485989.35 	-90.8904415 
13516348.32 	-90.8932696 
13546775.62 	-90.8961023 
13577271.42 	-90.8989395 
13607835.87 	-90.9017813 
13638469.13 	-90.9046276 
13669171.35 	-90.9074786 
13699942.68 	-90.9103341 
13730783.28 	-90.9131942 
13761693.31 	-90.916059  
13792672.92 	-90.9189285 
13823722.27 	-90.9218026 
13854841.52 	-90.9246814 
13886030.83 	-90.9275648 
13917290.34 	-90.930453  
13948620.22 	-90.9333459 
13980020.64 	-90.9362436 
14011491.74 	-90.939146  
14043033.68 	-90.9420531 
14074646.63 	-90.9449651 
14106330.75 	-90.9478818 
14138086.19 	-90.9508033 
14169913.12 	-90.9537297 
14201811.7  	-90.9566609 
14233782.08 	-90.959597  
14265824.44 	-90.9625379 
14297938.92 	-90.9654837 
14330125.7  	-90.9684345 
14362384.94 	-90.9713901 
14394716.8  	-90.9743507 
14427121.44 	-90.9773162 
14459599.03 	-90.9802867 
14492149.73 	-90.9832621 
14524773.71 	-90.9862426 
14557471.13 	-90.989228  
14590242.16 	-90.9922185 
14623086.96 	-90.995214  
14656005.69 	-90.9982146 
14688998.53 	-91.0012202 
14722065.65 	-91.0042309 
14755207.2  	-91.0072467 
14788423.36 	-91.0102676 
14821714.29 	-91.0132937 
14855080.17 	-91.0163249 
14888521.16 	-91.0193612 
14922037.43 	-91.0224028 
14955629.15 	-91.0254495 
14989296.49 	-91.0285014 
15023039.62 	-91.0315586 
15056858.71 	-91.034621  
15090753.93 	-91.0376886 
15124725.45 	-91.0407615 
15158773.45 	-91.0438397 
15192898.1  	-91.0469232 
15227099.57 	-91.050012  
15261378.03 	-91.0531062 
15295733.65 	-91.0562057 
15330166.62 	-91.0593105 
15364677.09 	-91.0624208 
15399265.26 	-91.0655364 
15433931.29 	-91.0686574 
15468675.36 	-91.0717839 
15503497.64 	-91.0749158 
15538398.31 	-91.0780532 
15573377.55 	-91.081196  
15608435.53 	-91.0843444 
15643572.44 	-91.0874982 
15678788.44 	-91.0906576 
15714083.72 	-91.0938225 
15749458.45 	-91.096993  
15784912.82 	-91.100169  
15820446.99 	-91.1033506 
15856061.17 	-91.1065378 
15891755.51 	-91.1097307 
15927530.21 	-91.1129292 
15963385.44 	-91.1161333 
15999321.39 	-91.1193431 
16035338.24 	-91.1225586 
16071436.16 	-91.1257798 
16107615.35 	-91.1290067 
16143875.98 	-91.1322394 
16180218.24 	-91.1354778 
16216642.31 	-91.138722  
16253148.37 	-91.1419719 
16289736.62 	-91.1452277 
16326407.23 	-91.1484892 
16363160.4  	-91.1517567 
16399996.3  	-91.1550299 
16436915.12 	-91.1583091 
16473917.05 	-91.1615941 
16511002.28 	-91.164885  
16548171    	-91.1681818 
16585423.39 	-91.1714846 
16622759.63 	-91.1747933 
16660179.93 	-91.178108  
16697684.47 	-91.1814287 
16735273.43 	-91.1847554 
16772947.01 	-91.1880881 
16810705.4  	-91.1914269 
16848548.79 	-91.1947717 
16886477.38 	-91.1981225 
16924491.34 	-91.2014795 
16962590.88 	-91.2048426 
17000776.19 	-91.2082117 
17039047.46 	-91.2115871 
17077404.88 	-91.2149686 
17115848.65 	-91.2183562 
17154378.96 	-91.2217501 
17192996.01 	-91.2251502 
17231700    	-91.2285565 
17270491.11 	-91.231969  
17309369.55 	-91.2353878 
17348335.5  	-91.2388129 
17387389.18 	-91.2422443 
17426530.77 	-91.245682  
17465760.48 	-91.249126  
17505078.49 	-91.2525764 
17544485.02 	-91.2560331 
17583980.26 	-91.2594962 
17623564.41 	-91.2629658 
17663237.66 	-91.2664417 
17703000.23 	-91.2699241 
17742852.31 	-91.273413  
17782794.1  	-91.2769083 
17822825.81 	-91.2804101 
17862947.63 	-91.2839184 
17903159.77 	-91.2874333 
17943462.44 	-91.2909547 
17983855.84 	-91.2944827 
18024340.16 	-91.2980172 
18064915.63 	-91.3015584 
18105582.43 	-91.3051061 
18146340.78 	-91.3086606 
18187190.89 	-91.3122216 
18228132.95 	-91.3157894 
18269167.18 	-91.3193638 
18310293.78 	-91.3229449 
18351512.97 	-91.3265328 
18392824.95 	-91.3301274 
18434229.92 	-91.3337288 
18475728.11 	-91.337337  
18517319.71 	-91.3409519 
18559004.95 	-91.3445737 
18600784.02 	-91.3482023 
18642657.14 	-91.3518378 
18684624.53 	-91.3554802 
18726686.39 	-91.3591295 
18768842.94 	-91.3627856 
18811094.38 	-91.3664487 
18853440.95 	-91.3701188 
18895882.84 	-91.3737958 
18938420.27 	-91.3774799 
18981053.47 	-91.3811709 
19023782.63 	-91.3848689 
19066607.99 	-91.388574  
19109529.75 	-91.3922862 
19152548.13 	-91.3960055 
19195663.36 	-91.3997318 
19238875.65 	-91.4034653 
19282185.21 	-91.4072059 
19325592.27 	-91.4109537 
19369097.04 	-91.4147087 
19412699.75 	-91.4184708 
19456400.62 	-91.4222402 
19500199.86 	-91.4260169 
19544097.7  	-91.4298007 
19588094.36 	-91.4335919 
19632190.07 	-91.4373903 
19676385.04 	-91.4411961 
19720679.5  	-91.4450092 
19765073.67 	-91.4488297 
19809567.79 	-91.4526575 
19854162.06 	-91.4564928 
19898856.72 	-91.4603354 
19943652    	-91.4641855 
19988548.12 	-91.468043  
20033545.3  	-91.4719081 
20078643.79 	-91.4757806 
20123843.79 	-91.4796606 
20169145.55 	-91.4835481 
20214549.28 	-91.4874433 
20260055.23 	-91.4913459 
20305663.62 	-91.4952562 
20351374.68 	-91.4991741 
20397188.64 	-91.5030996 
20443105.74 	-91.5070328 
20489126.2  	-91.5109737 
20535250.26 	-91.5149222 
20581478.16 	-91.5188785 
20627810.12 	-91.5228425 
20674246.38 	-91.5268143 
20720787.17 	-91.5307938 
20767432.74 	-91.5347811 
20814183.31 	-91.5387763 
20861039.12 	-91.5427793 
20908000.41 	-91.5467901 
20955067.42 	-91.5508089 
21002240.39 	-91.5548355 
21049519.54 	-91.5588701 
21096905.13 	-91.5629126 
21144397.4  	-91.566963  
21191996.57 	-91.5710215 
21239702.9  	-91.5750879 
21287516.62 	-91.5791624 
21335437.97 	-91.5832449 
21383467.21 	-91.5873355 
21431604.57 	-91.5914342 
21479850.29 	-91.595541  
21528204.61 	-91.5996559 
21576667.79 	-91.6037789 
21625240.07 	-91.6079102 
21673921.7  	-91.6120496 
21722712.91 	-91.6161973 
21771613.96 	-91.6203532 
21820625.09 	-91.6245173 
21869746.55 	-91.6286898 
21918978.59 	-91.6328705 
21968321.46 	-91.6370596 
22017775.41 	-91.641257  
22067340.69 	-91.6454628 
22117017.55 	-91.6496769 
22166806.23 	-91.6538995 
22216707    	-91.6581305 
22266720.1  	-91.66237   
22316845.79 	-91.6666179 
22367084.32 	-91.6708744 
22417435.95 	-91.6751393 
22467900.92 	-91.6794128 
22518479.49 	-91.6836949 
22569171.93 	-91.6879856 
22619978.48 	-91.6922848 
22670899.41 	-91.6965927 
22721934.97 	-91.7009093 
22773085.41 	-91.7052345 
22824351    	-91.7095684 
22875732    	-91.7139111 
22927228.67 	-91.7182624 
22978841.26 	-91.7226226 
23030570.04 	-91.7269915 
23082415.27 	-91.7313693 
23134377.21 	-91.7357559 
23186456.12 	-91.7401513 
23238652.27 	-91.7445556 
23290965.92 	-91.7489689 
23343397.34 	-91.753391  
23395946.79 	-91.7578221 
23448614.54 	-91.7622622 
23501400.85 	-91.7667112 
23554305.98 	-91.7711693 
23607330.22 	-91.7756364 
23660473.82 	-91.7801126 
23713737.06 	-91.7845979 
23767120.2  	-91.7890923 
23820623.51 	-91.7935958 
23874247.26 	-91.7981084 
23927991.73 	-91.8026303 
23981857.19 	-91.8071613 
24035843.91 	-91.8117016 
24089952.16 	-91.8162511 
24144182.21 	-91.8208099 
24198534.35 	-91.825378  
24253008.84 	-91.8299555 
24307605.96 	-91.8345422 
24362325.98 	-91.8391383 
24417169.19 	-91.8437439 
24472135.86 	-91.8483588 
24527226.27 	-91.8529832 
24582440.69 	-91.857617  
24637779.41 	-91.8622604 
24693242.7  	-91.8669132 
24748830.85 	-91.8715756 
24804544.14 	-91.8762476 
24860382.85 	-91.8809291 
24916347.26 	-91.8856202 
24972437.65 	-91.890321  
25028654.31 	-91.8950314 
25084997.52 	-91.8997515 
25141467.57 	-91.9044814 
25198064.75 	-91.9092209 
25254789.33 	-91.9139702 
25311641.6  	-91.9187293 
25368621.86 	-91.9234982 
25425730.39 	-91.928277  
25482967.48 	-91.9330656 
25540333.42 	-91.937864  
25597828.5  	-91.9426724 
25655453    	-91.9474907 
25713207.23 	-91.952319  
25771091.48 	-91.9571572 
25829106.02 	-91.9620055 
25887251.17 	-91.9668638 
25945527.21 	-91.9717321 
26003934.44 	-91.9766105 
26062473.16 	-91.9814991 
26121143.65 	-91.9863977 
26179946.22 	-91.9913066 
26238881.16 	-91.9962256 
26297948.77 	-92.0011548 
26357149.35 	-92.0060942 
26416483.2  	-92.011044  
26475950.62 	-92.016004  
26535551.92 	-92.0209743 
26595287.38 	-92.0259549 
26655157.31 	-92.030946  
26715162.03 	-92.0359474 
26775301.82 	-92.0409592 
26835576.99 	-92.0459815 
26895987.86 	-92.0510142 
26956534.71 	-92.0560575 
27017217.87 	-92.0611112 
27078037.63 	-92.0661756 
27138994.31 	-92.0712505 
27200088.21 	-92.0763359 
27261319.64 	-92.0814321 
27322688.92 	-92.0865388 
27384196.34 	-92.0916563 
27445842.23 	-92.0967845 
27507626.89 	-92.1019234 
27569550.64 	-92.107073  
27631613.78 	-92.1122335 
27693816.64 	-92.1174048 
27756159.53 	-92.1225869 
27818642.76 	-92.1277799 
27881266.65 	-92.1329838 
27944031.52 	-92.1381986 
28006937.68 	-92.1434243 
28069985.45 	-92.1486611 
28133175.15 	-92.1539088 
28196507.1  	-92.1591676 
28259981.62 	-92.1644375 
28323599.03 	-92.1697184 
28387359.65 	-92.1750105 
28451263.8  	-92.1803137 
28515311.82 	-92.1856281 
28579504.01 	-92.1909536 
28643840.71 	-92.1962904 
28708322.25 	-92.2016385 
28772948.94 	-92.2069979 
28837721.11 	-92.2123685 
28902639.1  	-92.2177505 
28967703.23 	-92.2231439 
29032913.82 	-92.2285487 
29098271.22 	-92.2339649 
29163775.74 	-92.2393925 
29229427.72 	-92.2448317 
29295227.5  	-92.2502823 
29361175.4  	-92.2557445 
29427271.76 	-92.2612183 
29493516.91 	-92.2667036 
29559911.19 	-92.2722006 
29626454.94 	-92.2777093 
29693148.48 	-92.2832296 
29759992.16 	-92.2887617 
29826986.32 	-92.2943054 
29894131.29 	-92.299861  
29961427.41 	-92.3054284 
30028875.03 	-92.3110076 
30096474.48 	-92.3165986 
30164226.1  	-92.3222016 
30232130.25 	-92.3278164 
30300187.26 	-92.3334432 
30368397.47 	-92.339082  
30436761.24 	-92.3447328 
30505278.9  	-92.3503957 
30573950.81 	-92.3560706 
30642777.31 	-92.3617576 
30711758.74 	-92.3674567 
30780895.47 	-92.373168  
30850187.83 	-92.3788915 
30919636.17 	-92.3846272 
30989240.86 	-92.3903752 
31059002.24 	-92.3961354 
31128920.66 	-92.4019079 
31198996.47 	-92.4076928 
31269230.04 	-92.4134901 
31339621.71 	-92.4192997 
31410171.85 	-92.4251218 
31480880.8  	-92.4309564 
31551748.94 	-92.4368034 
31622776.6  	-92.442663  
31693964.16 	-92.4485351 
31765311.97 	-92.4544198 
31836820.4  	-92.4603172 
31908489.81 	-92.4662272 
31980320.55 	-92.4721498 
32052312.99 	-92.4780852 
32124467.5  	-92.4840333 
32196784.44 	-92.4899942 
32269264.18 	-92.4959679 
32341907.08 	-92.5019544 
32414713.51 	-92.5079539 
32487683.83 	-92.5139662 
32560818.43 	-92.5199914 
32634117.66 	-92.5260296 
32707581.9  	-92.5320808 
32781211.51 	-92.5381451 
32855006.88 	-92.5442224 
32928968.37 	-92.5503128 
33003096.37 	-92.5564163 
33077391.23 	-92.562533  
33151853.34 	-92.5686629 
33226483.08 	-92.574806  
33301280.82 	-92.5809623 
33376246.94 	-92.587132  
33451381.82 	-92.593315  
33526685.85 	-92.5995113 
33602159.39 	-92.605721  
33677802.83 	-92.6119442 
33753616.56 	-92.6181808 
33829600.96 	-92.6244308 
33905756.4  	-92.6306945 
33982083.29 	-92.6369716 
34058582    	-92.6432624 
34135252.92 	-92.6495667 
34212096.43 	-92.6558848 
34289112.94 	-92.6622165 
34366302.81 	-92.6685619 
34443666.46 	-92.6749211 
34521204.26 	-92.6812941 
34598916.61 	-92.6876809 
34676803.9  	-92.6940816 
34754866.53 	-92.7004962 
34833104.89 	-92.7069247 
34911519.37 	-92.7133671 
34990110.38 	-92.7198236 
35068878.31 	-92.7262941 
35147823.55 	-92.7327786 
35226946.51 	-92.7392773 
35306247.6  	-92.7457901 
35385727.19 	-92.752317  
35465385.71 	-92.7588582 
35545223.56 	-92.7654136 
35625241.13 	-92.7719833 
35705438.83 	-92.7785673 
35785817.06 	-92.7851656 
35866376.24 	-92.7917783 
35947116.78 	-92.7984055 
36028039.07 	-92.805047  
36109143.53 	-92.8117031 
36190430.56 	-92.8183737 
36271900.59 	-92.8250589 
36353554.02 	-92.8317586 
36435391.26 	-92.838473  
36517412.73 	-92.8452021 
36599618.84 	-92.8519458 
36682010.01 	-92.8587043 
36764586.65 	-92.8654776 
36847349.19 	-92.8722657 
36930298.03 	-92.8790686 
37013433.61 	-92.8858864 
37096756.34 	-92.8927192 
37180266.64 	-92.8995669 
37263964.93 	-92.9064296 
37347851.64 	-92.9133073 
37431927.2  	-92.9202001 
37516192.02 	-92.927108  
37600646.53 	-92.9340311 
37685291.16 	-92.9409693 
37770126.34 	-92.9479228 
37855152.49 	-92.9548915 
37940370.05 	-92.9618755 
38025779.45 	-92.9688749 
38111381.12 	-92.9758896 
38197175.49 	-92.9829197 
38283163    	-92.9899653 
38369344.08 	-92.9970263 
38455719.16 	-93.0041029 
38542288.69 	-93.0111951 
38629053.09 	-93.0183028 
38716012.82 	-93.0254262 
38803168.31 	-93.0325652 
38890519.99 	-93.03972   
38978068.32 	-93.0468905 
39065813.73 	-93.0540768 
39153756.67 	-93.061279  
39241897.58 	-93.068497  
39330236.92 	-93.0757309 
39418775.11 	-93.0829808 
39507512.62 	-93.0902467 
39596449.89 	-93.0975286 
39685587.37 	-93.1048266 
39774925.51 	-93.1121406 
39864464.77 	-93.1194709 
39954205.59 	-93.1268173 
40044148.43 	-93.1341799 
40134293.75 	-93.1415588 
40224641.99 	-93.148954  
40315193.63 	-93.1563656 
40405949.11 	-93.1637935 
40496908.89 	-93.1712379 
40588073.44 	-93.1786988 
40679443.21 	-93.1861761 
40771018.67 	-93.19367   
40862800.28 	-93.2011805 
40954788.5  	-93.2087077 
41046983.8  	-93.2162515 
41139386.65 	-93.223812  
41231997.51 	-93.2313893 
41324816.85 	-93.2389834 
41417845.14 	-93.2465943 
41511082.86 	-93.2542221 
41604530.46 	-93.2618668 
41698188.43 	-93.2695285 
41792057.23 	-93.2772072 
41886137.35 	-93.2849029 
41980429.26 	-93.2926158 
42074933.43 	-93.3003457 
42169650.34 	-93.3080929 
42264580.48 	-93.3158573 
42359724.32 	-93.3236389 
42455082.34 	-93.3314378 
42550655.02 	-93.3392541 
42646442.86 	-93.3470878 
42742446.33 	-93.3549389 
42838665.91 	-93.3628074 
42935102.1  	-93.3706935 
43031755.38 	-93.3785972 
43128626.25 	-93.3865185 
43225715.18 	-93.3944574 
43323022.67 	-93.402414  
43420549.22 	-93.4103883 
43518295.32 	-93.4183805 
43616261.45 	-93.4263904 
43714448.13 	-93.4344182 
43812855.83 	-93.442464  
43911485.07 	-93.4505277 
44010336.33 	-93.4586094 
44109410.13 	-93.4667091 
44208706.95 	-93.474827  
44308227.3  	-93.482963  
44407971.69 	-93.4911171 
44507940.62 	-93.4992895 
44608134.6  	-93.5074802 
44708554.12 	-93.5156892 
44809199.71 	-93.5239165 
44910071.86 	-93.5321623 
45011171.09 	-93.5404265 
45112497.92 	-93.5487092 
45214052.84 	-93.5570105 
45315836.38 	-93.5653303 
45417849.04 	-93.5736688 
45520091.36 	-93.582026  
45622563.83 	-93.5904019 
45725266.99 	-93.5987966 
45828201.35 	-93.6072101 
45931367.42 	-93.6156425 
46034765.74 	-93.6240938 
46138396.83 	-93.6325641 
46242261.2  	-93.6410534 
46346359.39 	-93.6495618 
46450691.92 	-93.6580893 
46555259.31 	-93.6666359 
46660062.1  	-93.6752017 
46765100.82 	-93.6837868 
46870376    	-93.6923912 
46975888.17 	-93.7010149 
47081637.86 	-93.7096581 
47187625.61 	-93.7183206 
47293851.95 	-93.7270027 
47400317.42 	-93.7357043 
47507022.57 	-93.7444255 
47613967.92 	-93.7531664 
47721154.02 	-93.7619269 
47828581.42 	-93.7707072 
47936250.65 	-93.7795073 
48044162.25 	-93.7883272 
48152316.79 	-93.7971669 
48260714.79 	-93.8060267 
48369356.82 	-93.8149064 
48478243.42 	-93.8238061 
48587375.13 	-93.832726  
48696752.52 	-93.841666  
48806376.13 	-93.8506261 
48916246.52 	-93.8596065 
49026364.24 	-93.8686072 
49136729.86 	-93.8776283 
49247343.92 	-93.8866697 
49358207    	-93.8957315 
49469319.64 	-93.9048139 
49580682.42 	-93.9139168 
49692295.89 	-93.9230403 
49804160.61 	-93.9321845 
49916277.16 	-93.9413493 
50028646.11 	-93.9505349 
50141268.01 	-93.9597413 
50254143.44 	-93.9689686 
50367272.97 	-93.9782168 
50480657.17 	-93.9874859 
50594296.61 	-93.996776  
50708191.88 	-94.0060873 
50822343.54 	-94.0154196 
50936752.17 	-94.0247731 
51051418.35 	-94.0341478 
51166342.66 	-94.0435439 
51281525.69 	-94.0529612 
51396968.01 	-94.0624    
51512670.2  	-94.0718601 
51628632.86 	-94.0813418 
51744856.57 	-94.090845  
51861341.92 	-94.1003699 
51978089.49 	-94.1099164 
52095099.88 	-94.1194846 
52212373.67 	-94.1290745 
52329911.47 	-94.1386863 
52447713.86 	-94.14832   
52565781.44 	-94.1579756 
52684114.81 	-94.1676532 
52802714.56 	-94.1773528 
52921581.31 	-94.1870746 
53040715.63 	-94.1968185 
53160118.15 	-94.2065846 
53279789.46 	-94.216373  
53399730.17 	-94.2261837 
53519940.88 	-94.2360168 
53640422.2  	-94.2458723 
53761174.75 	-94.2557503 
53882199.12 	-94.2656509 
54003495.94 	-94.2755741 
54125065.82 	-94.2855199 
54246909.37 	-94.2954885 
54369027.21 	-94.3054798 
54491419.95 	-94.315494  
54614088.22 	-94.3255311 
54737032.63 	-94.3355912 
54860253.81 	-94.3456743 
54983752.37 	-94.3557804 
55107528.95 	-94.3659097 
55231584.17 	-94.3760622 
55355918.66 	-94.3862379 
55480533.04 	-94.3964369 
55605427.95 	-94.4066593 
55730604.01 	-94.4169051 
55856061.87 	-94.4271744 
55981802.15 	-94.4374673 
56107825.48 	-94.4477838 
56234132.52 	-94.4581239 
56360723.89 	-94.4684878 
56487600.24 	-94.4788755 
56614762.2  	-94.489287  
56742210.43 	-94.4997224 
56869945.56 	-94.5101818 
56997968.24 	-94.5206652 
57126279.12 	-94.5311727 
57254878.84 	-94.5417044 
57383768.07 	-94.5522603 
57512947.44 	-94.5628405 
57642417.61 	-94.5734451 
57772179.24 	-94.584074  
57902232.98 	-94.5947274 
58032579.5  	-94.6054054 
58163219.44 	-94.6161079 
58294153.47 	-94.6268351 
58425382.26 	-94.637587  
58556906.45 	-94.6483637 
58688726.73 	-94.6591653 
58820843.76 	-94.6699917 
58953258.2  	-94.6808432 
59085970.73 	-94.6917197 
59218982.01 	-94.7026213 
59352292.72 	-94.713548  
59485903.54 	-94.7245    
59619815.13 	-94.7354773 
59754028.17 	-94.74648   
59888543.35 	-94.7575081 
60023361.34 	-94.7685617 
60158482.83 	-94.7796409 
60293908.49 	-94.7907457 
60429639.02 	-94.8018762 
60565675.1  	-94.8130324 
60702017.42 	-94.8242145 
60838666.66 	-94.8354225 
60975623.52 	-94.8466565 
61112888.69 	-94.8579164 
61250462.87 	-94.8692025 
61388346.74 	-94.8805148 
61526541.01 	-94.8918533 
61665046.38 	-94.903218  
61803863.55 	-94.9146092 
61942993.21 	-94.9260268 
62082436.07 	-94.9374709 
62222192.84 	-94.9489416 
62362264.23 	-94.9604389 
62502650.93 	-94.971963  
62643353.67 	-94.9835138 
62784373.14 	-94.9950915 
62925710.08 	-95.0066962 
63067365.18 	-95.0183278 
63209339.18 	-95.0299865 
63351632.77 	-95.0416723 
63494246.69 	-95.0533853 
63637181.66 	-95.0651256 
63780438.39 	-95.0768933 
63924017.61 	-95.0886884 
64067920.06 	-95.100511  
64212146.45 	-95.1123612 
64356697.51 	-95.124239  
64501573.98 	-95.1361445 
64646776.59 	-95.1480778 
64792306.07 	-95.160039  
64938163.16 	-95.1720281 
65084348.59 	-95.1840452 
65230863.11 	-95.1960903 
65377707.46 	-95.2081637 
65524882.37 	-95.2202652 
65672388.6  	-95.2323951 
65820226.89 	-95.2445533 
65968397.98 	-95.25674   
66116902.62 	-95.2689553 
66265741.58 	-95.2811991 
66414915.59 	-95.2934716 
66564425.41 	-95.3057729 
66714271.8  	-95.318103  
66864455.52 	-95.330462  
67014977.33 	-95.3428499 
67165837.98 	-95.355267  
67317038.24 	-95.3677132 
67468578.88 	-95.3801886 
67620460.65 	-95.3926933 
67772684.34 	-95.4052273 
67925250.7  	-95.4177909 
68078160.51 	-95.4303839 
68231414.55 	-95.4430066 
68385013.58 	-95.4556589 
68538958.39 	-95.468341  
68693249.75 	-95.4810529 
68847888.44 	-95.4937948 
69002875.24 	-95.5065667 
69158210.95 	-95.5193686 
69313896.34 	-95.5322008 
69469932.2  	-95.5450631 
69626319.32 	-95.5579558 
69783058.49 	-95.5708789 
69940150.5  	-95.5838325 
70097596.15 	-95.5968167 
70255396.23 	-95.6098315 
70413551.55 	-95.6228771 
70572062.89 	-95.6359535 
70730931.07 	-95.6490608 
70890156.89 	-95.662199  
71049741.14 	-95.6753684 
71209684.65 	-95.6885688 
71369988.21 	-95.7018006 
71530652.63 	-95.7150636 
71691678.74 	-95.7283581 
71853067.34 	-95.741684  
72014819.25 	-95.7550415 
72176935.29 	-95.7684307 
72339416.27 	-95.7818516 
72502263.03 	-95.7953044 
72665476.37 	-95.8087891 
72829057.14 	-95.8223058 
72993006.14 	-95.8358546 
73157324.22 	-95.8494355 
73322012.21 	-95.8630488 
73487070.93 	-95.8766944 
73652501.23 	-95.8903724 
73818303.93 	-95.904083  
73984479.88 	-95.9178262 
74151029.91 	-95.9316021 
74317954.88 	-95.9454108 
74485255.62 	-95.9592524 
74652932.97 	-95.973127  
74820987.79 	-95.9870346 
74989420.93 	-96.0009754 
75158233.24 	-96.0149495 
75327425.57 	-96.0289569 
75496998.77 	-96.0429978 
75666953.71 	-96.0570721 
75837291.25 	-96.0711801 
76008012.24 	-96.0853218 
76179117.54 	-96.0994974 
76350608.03 	-96.1137068 
76522484.57 	-96.1279502 
76694748.04 	-96.1422277 
76867399.29 	-96.1565393 
77040439.2  	-96.1708853 
77213868.65 	-96.1852656 
77387688.52 	-96.1996804 
77561899.69 	-96.2141298 
77736503.02 	-96.2286138 
77911499.42 	-96.2431325 
78086889.76 	-96.2576862 
78262674.93 	-96.2722747 
78438855.81 	-96.2868983 
78615433.31 	-96.3015571 
78792408.31 	-96.3162511 
78969781.7  	-96.3309804 
79147554.39 	-96.3457452 
79325727.28 	-96.3605455 
79504301.25 	-96.3753814 
79683277.22 	-96.3902531 
79862656.1  	-96.4051606 
80042438.78 	-96.4201041 
80222626.18 	-96.4350835 
80403219.21 	-96.4500992 
80584218.78 	-96.465151  
80765625.8  	-96.4802393 
80947441.2  	-96.4953639 
81129665.9  	-96.5105251 
81312300.81 	-96.525723  
81495346.85 	-96.5409576 
81678804.96 	-96.5562291 
81862676.07 	-96.5715376 
82046961.09 	-96.5868831 
82231660.97 	-96.6022658 
82416776.63 	-96.6176857 
82602309.02 	-96.6331431 
82788259.06 	-96.6486379 
82974627.71 	-96.6641704 
83161415.9  	-96.6797405 
83348624.58 	-96.6953485 
83536254.7  	-96.7109944 
83724307.19 	-96.7266783 
83912783.02 	-96.7424003 
84101683.14 	-96.7581606 
84291008.5  	-96.7739593 
84480760.06 	-96.7897964 
84670938.78 	-96.8056721 
84861545.62 	-96.8215865 
85052581.54 	-96.8375397 
85244047.52 	-96.8535318 
85435944.51 	-96.8695629 
85628273.49 	-96.8856332 
85821035.43 	-96.9017427 
86014231.31 	-96.9178915 
86207862.1  	-96.9340799 
86401928.78 	-96.9503078 
86596432.34 	-96.9665755 
86791373.75 	-96.9828829 
86986754    	-96.9992304 
87182574.08 	-97.0156178 
87378834.99 	-97.0320454 
87575537.7  	-97.0485133 
87772683.22 	-97.0650217 
87970272.55 	-97.0815705 
88168306.68 	-97.09816   
88366786.61 	-97.1147902 
88565713.35 	-97.1314613 
88765087.91 	-97.1481734 
88964911.28 	-97.1649267 
89165184.49 	-97.1817211 
89365908.54 	-97.198557  
89567084.46 	-97.2154343 
89768713.24 	-97.2323532 
89970795.93 	-97.2493138 
90173333.53 	-97.2663163 
90376327.08 	-97.2833608 
90579777.59 	-97.3004474 
90783686.11 	-97.3175762 
90988053.65 	-97.3347473 
91192881.25 	-97.3519609 
91398169.95 	-97.3692171 
91603920.78 	-97.3865161 
91810134.79 	-97.4038579 
92016813.02 	-97.4212427 
92223956.51 	-97.4386705 
92431566.31 	-97.4561417 
92639643.48 	-97.4736562 
92848189.05 	-97.4912142 
93057204.09 	-97.5088158 
93266689.66 	-97.5264612 
93476646.81 	-97.5441504 
93687076.6  	-97.5618837 
93897980.1  	-97.5796612 
94109358.38 	-97.5974829 
94321212.5  	-97.6153491 
94533543.54 	-97.6332598 
94746352.57 	-97.6512152 
94959640.66 	-97.6692155 
95173408.89 	-97.6872607 
95387658.35 	-97.705351  
95602390.11 	-97.7234865 
95817605.27 	-97.7416675 
96033304.91 	-97.7598939 
96249490.12 	-97.778166  
96466161.99 	-97.7964839 
96683321.63 	-97.8148477 
96900970.12 	-97.8332575 
97119108.57 	-97.8517136 
97337738.09 	-97.8702161 
97556859.77 	-97.888765  
97776474.73 	-97.9073606 
97996584.08 	-97.926003  
98217188.92 	-97.9446923 
98438290.38 	-97.9634286 
98659889.57 	-97.9822122 
98881987.61 	-98.0010432 
99104585.62 	-98.0199217 
99327684.74 	-98.0388478 
99551286.09 	-98.0578217 
99775390.8  	-98.0768436 
100000000   	-98.0959136 
100225114.8 	-98.1150319 
100450736.4 	-98.1341985 
100676865.9 	-98.1534137 
100903504.5 	-98.1726777 
101130653.2 	-98.1919905 
101358313.3 	-98.2113523 
101586485.9 	-98.2307633 
101815172.2 	-98.2502236 
102044373.2 	-98.2697333 
102274090.2 	-98.2892928 
102504324.4 	-98.308902  
102735076.8 	-98.3285612 
102966348.7 	-98.3482704 
103198141.2 	-98.36803   
103430455.6 	-98.38784   
103663292.8 	-98.4077005 
103896654.3 	-98.4276119 
104130541.1 	-98.4475741 
104364954.4 	-98.4675874 
104599895.3 	-98.4876519 
104835365.2 	-98.5077679 
105071365.2 	-98.5279354 
105307896.4 	-98.5481546 
105544960.1 	-98.5684258 
105782557.4 	-98.588749  
106020689.7 	-98.6091244 
106259358   	-98.6295523 
106498563.5 	-98.6500327 
106738307.6 	-98.6705659 
106978591.4 	-98.691152  
107219416   	-98.7117911 
107460782.8 	-98.7324836 
107702693   	-98.7532294 
107945147.7 	-98.7740289 
108188148.3 	-98.7948822 
108431695.8 	-98.8157894 
108675791.7 	-98.8367507 
108920437   	-98.8577664 
109165633   	-98.8788365 
109411381.1 	-98.8999613 
109657682.3 	-98.921141  
109904538   	-98.9423757 
110151949.4 	-98.9636656 
110399917.8 	-98.985011  
110648444.4 	-99.0064119 
110897530.4 	-99.0278685 
111147177.2 	-99.0493812 
111397386   	-99.0709499 
111648158   	-99.092575  
111899494.6 	-99.1142566 
112151397   	-99.1359949 
112403866.4 	-99.1577901 
112656904.1 	-99.1796423 
112910511.5 	-99.2015519 
113164689.9 	-99.2235189 
113419440.4 	-99.2455436 
113674764.3 	-99.2676261 
113930663.1 	-99.2897667 
114187137.9 	-99.3119655 
114444190.1 	-99.3342228 
114701820.9 	-99.3565388 
114960031.7 	-99.3789136 
115218823.8 	-99.4013474 
115478198.5 	-99.4238405 
115738157   	-99.446393  
115998700.8 	-99.4690052 
116259831.1 	-99.4916772 
116521549.2 	-99.5144093 
116783856.5 	-99.5372017 
117046754.2 	-99.5600546 
117310243.8 	-99.5829681 
117574326.6 	-99.6059426 
117839003.8 	-99.6289782 
118104276.9 	-99.6520751 
118370147.2 	-99.6752335 
118636615.9 	-99.6984537 
118903684.5 	-99.7217358 
119171354.3 	-99.7450801 
119439626.7 	-99.7684869 
119708503   	-99.7919562 
119977984.6 	-99.8154884 
120248072.9 	-99.8390837 
120518769.1 	-99.8627422 
120790074.7 	-99.8864643 
121061991.1 	-99.9102501 
121334519.6 	-99.9340998 
121607661.6 	-99.9580138 
121881418.5 	-99.9819921 
122155791.6 	-100.006035 
122430782.4 	-100.030143 
122706392.3 	-100.054316 
122982622.6 	-100.078554 
123259474.7 	-100.102858 
123536950   	-100.127228 
123815050   	-100.151664 
124093776.1 	-100.176166 
124373129.6 	-100.200734 
124653111.9 	-100.22537  
124933724.6 	-100.250072 
125214968.9 	-100.274841 
125496846.4 	-100.299679 
125779358.4 	-100.324583 
126062506.4 	-100.349556 
126346291.8 	-100.374597 
126630716   	-100.399707 
126915780.5 	-100.424885 
127201486.8 	-100.450133 
127487836.2 	-100.475449 
127774830.2 	-100.500835 
128062470.3 	-100.526291 
128350757.9 	-100.551817 
128639694.5 	-100.577413 
128929281.5 	-100.60308  
129219520.5 	-100.628817 
129510412.8 	-100.654626 
129801959.9 	-100.680506 
130094163.4 	-100.706457 
130387024.6 	-100.732481 
130680545.1 	-100.758576 
130974726.4 	-100.784744 
131269570   	-100.810985 
131565077.2 	-100.837298 
131861249.7 	-100.863685 
132158089   	-100.890146 
132455596.4 	-100.91668  
132753773.6 	-100.943288 
133052622   	-100.969971 
133352143.2 	-100.996728 
133652338.7 	-101.023561 
133953209.9 	-101.050468 
134254758.4 	-101.077451 
134556985.8 	-101.10451  
134859893.5 	-101.131645 
135163483.2 	-101.158857 
135467756.2 	-101.186145 
135772714.2 	-101.21351  
136078358.7 	-101.240952 
136384691.3 	-101.268472 
136691713.5 	-101.29607  
136999426.8 	-101.323746 
137307832.8 	-101.351501 
137616933.1 	-101.379335 
137926729.2 	-101.407247 
138237222.7 	-101.435239 
138548415.2 	-101.463311 
138860308.3 	-101.491463 
139172903.4 	-101.519696 
139486202.2 	-101.548009 
139800206.4 	-101.576403 
140114917.4 	-101.604879 
140430336.8 	-101.633436 
140746466.3 	-101.662076 
141063307.5 	-101.690797 
141380861.9 	-101.719602 
141699131.2 	-101.748489 
142018117   	-101.77746  
142337820.8 	-101.806515 
142658244.4 	-101.835654 
142979389.2 	-101.864877 
143301257   	-101.894185 
143623849.4 	-101.923578 
143947168   	-101.953056 
144271214.4 	-101.982621 
144595990.3 	-102.012271 
144921497.3 	-102.042008 
145247737.1 	-102.071832 
145574711.3 	-102.101743 
145902421.6 	-102.131742 
146230869.6 	-102.161828 
146560056.9 	-102.192003 
146889985.3 	-102.222267 
147220656.5 	-102.25262  
147552072   	-102.283063 
147884233.6 	-102.313595 
148217142.9 	-102.344217 
148550801.7 	-102.37493  
148885211.6 	-102.405734 
149220374.3 	-102.43663  
149556291.5 	-102.467617 
149892964.9 	-102.498697 
150230396.2 	-102.529869 
150568587.1 	-102.561134 
150907539.3 	-102.592492 
151247254.5 	-102.623945 
151587734.5 	-102.655491 
151928981   	-102.687132 
152270995.7 	-102.718868 
152613780.3 	-102.7507   
152957336.5 	-102.782627 
153301666.2 	-102.814651 
153646770.9 	-102.846771 
153992652.6 	-102.878989 
154339312.9 	-102.911304 
154686753.6 	-102.943717 
155034976.4 	-102.976229 
155383983.1 	-103.008839 
155733775.5 	-103.041549 
156084355.3 	-103.074358 
156435724.4 	-103.107268 
156787884.4 	-103.140279 
157140837.2 	-103.17339  
157494584.5 	-103.206603 
157849128.2 	-103.239919 
158204469.9 	-103.273336 
158560611.7 	-103.306857 
158917555.1 	-103.340481 
159275302.1 	-103.37421  
159633854.4 	-103.408042 
159993213.9 	-103.44198  
160353382.4 	-103.476023 
160714361.6 	-103.510171 
161076153.5 	-103.544426 
161438759.8 	-103.578788 
161802182.4 	-103.613258 
162166423.1 	-103.647835 
162531483.7 	-103.682521 
162897366.2 	-103.717315 
163264072.3 	-103.752219 
163631604   	-103.787233 
163999963   	-103.822357 
164369151.2 	-103.857593 
164739170.5 	-103.89294  
165110022.8 	-103.928399 
165481710   	-103.96397  
165854233.9 	-103.999655 
166227596.3 	-104.035453 
166601799.3 	-104.071365 
166976844.7 	-104.107393 
167352734.3 	-104.143535 
167729470.1 	-104.179794 
168107054   	-104.216169 
168485487.9 	-104.252661 
168864773.8 	-104.289271 
169244913.4 	-104.325999 
169625908.8 	-104.362846 
170007761.9 	-104.399812 
170390474.6 	-104.436898 
170774048.8 	-104.474105 
171158486.5 	-104.511433 
171543789.6 	-104.548883 
171929960.1 	-104.586455 
172317000   	-104.62415  
172704911.1 	-104.661969 
173093695.5 	-104.699912 
173483355   	-104.73798  
173873891.8 	-104.776174 
174265307.7 	-104.814494 
174657604.8 	-104.852941 
175050784.9 	-104.891515 
175444850.2 	-104.930218 
175839802.6 	-104.969049 
176235644.1 	-105.00801  
176632376.6 	-105.047101 
177030002.3 	-105.086323 
177428523.1 	-105.125676 
177827941   	-105.165162 
178228258.1 	-105.204781 
178629476.3 	-105.244534 
179031597.7 	-105.28442  
179434624.4 	-105.324442 
179838558.4 	-105.3646   
180243401.6 	-105.404895 
180649156.3 	-105.445326 
181055824.3 	-105.485896 
181463407.8 	-105.526604 
181871908.9 	-105.567452 
182281329.5 	-105.608441 
182691671.8 	-105.64957  
183102937.8 	-105.690841 
183515129.7 	-105.732255 
183928249.5 	-105.773812 
184342299.2 	-105.815514 
184757281.1 	-105.85736  
185173197.1 	-105.899353 
185590049.5 	-105.941492 
186007840.2 	-105.983778 
186426571.4 	-106.026213 
186846245.3 	-106.068797 
187266863.9 	-106.11153  
187688429.4 	-106.154415 
188110943.8 	-106.197451 
188534409.5 	-106.24064  
188958828.4 	-106.283983 
189384202.7 	-106.327479 
189810534.7 	-106.371131 
190237826.3 	-106.414939 
190666079.9 	-106.458904 
191095297.5 	-106.503027 
191525481.3 	-106.547309 
191956633.6 	-106.59175  
192388756.5 	-106.636353 
192821852.1 	-106.681117 
193255922.7 	-106.726043 
193690970.4 	-106.771133 
194126997.5 	-106.816388 
194564006.2 	-106.861809 
195001998.6 	-106.907396 
195440977   	-106.95315  
195880943.6 	-106.999073 
196321900.7 	-107.045166 
196763850.4 	-107.09143  
197206795   	-107.137865 
197650736.7 	-107.184473 
198095677.9 	-107.231254 
198541620.6 	-107.278211 
198988567.2 	-107.325343 
199436520   	-107.372653 
199885481.2 	-107.420141 
200335453   	-107.467808 
200786437.9 	-107.515655 
201238437.9 	-107.563684 
201691455.5 	-107.611896 
202145492.8 	-107.660292 
202600552.3 	-107.708873 
203056636.2 	-107.75764  
203513746.8 	-107.806594 
203971886.4 	-107.855737 
204431057.4 	-107.90507  
204891262   	-107.954594 
205352502.6 	-108.00431  
205814781.6 	-108.05422  
206278101.2 	-108.104325 
206742463.8 	-108.154626 
207207871.7 	-108.205124 
207674327.4 	-108.255821 
208141833.1 	-108.306718 
208610391.2 	-108.357817 
209080004.1 	-108.409118 
209550674.2 	-108.460624 
210022403.9 	-108.512335 
210495195.4 	-108.564253 
210969051.3 	-108.616379 
211443974   	-108.668715 
211919965.7 	-108.721263 
212397029   	-108.774023 
212875166.2 	-108.826997 
213354379.7 	-108.880186 
213834672.1 	-108.933593 
214316045.7 	-108.987219 
214798502.9 	-109.041064 
215282046.1 	-109.095131 
215766677.9 	-109.149422 
216252400.7 	-109.203937 
216739217   	-109.258679 
217227129.1 	-109.313649 
217716139.6 	-109.368849 
218206250.9 	-109.42428  
218697465.5 	-109.479945 
219189785.9 	-109.535844 
219683214.6 	-109.591979 
220177754.1 	-109.648353 
220673406.9 	-109.704967 
221170175.5 	-109.761822 
221668062.3 	-109.818921 
222167070   	-109.876266 
222667201   	-109.933857 
223168457.9 	-109.991698 
223670843.2 	-110.049789 
224174359.5 	-110.108134 
224679009.2 	-110.166733 
225184794.9 	-110.225589 
225691719.3 	-110.284703 
226199784.8 	-110.344079 
226708994.1 	-110.403716 
227219349.7 	-110.463619 
227730854.1 	-110.523788 
228243510   	-110.584226 
228757320   	-110.644936 
229272286.7 	-110.705918 
229788412.6 	-110.767175 
230305700.4 	-110.82871  
230824152.7 	-110.890525 
231343772.1 	-110.952622 
231864561.2 	-111.015003 
232386522.7 	-111.07767  
232909659.2 	-111.140626 
233433973.4 	-111.203874 
233959467.9 	-111.267415 
234486145.4 	-111.331251 
235014008.5 	-111.395387 
235543059.8 	-111.459823 
236073302.2 	-111.524563 
236604738.2 	-111.589609 
237137370.6 	-111.654963 
237671202   	-111.720629 
238206235.1 	-111.786608 
238742472.6 	-111.852904 
239279917.3 	-111.919519 
239818571.9 	-111.986455 
240358439.1 	-112.053717 
240899521.6 	-112.121306 
241441822.1 	-112.189226 
241985343.5 	-112.257479 
242530088.4 	-112.326068 
243076059.6 	-112.394996 
243623259.8 	-112.464267 
244171691.9 	-112.533883 
244721358.6 	-112.603847 
245272262.7 	-112.674162 
245824406.9 	-112.744833 
246377794.1 	-112.815861 
246932427   	-112.887251 
247488308.5 	-112.959005 
248045441.4 	-113.031127 
248603828.5 	-113.10362  
249163472.6 	-113.176488 
249724376.5 	-113.249734 
250286543.1 	-113.323361 
250849975.2 	-113.397375 
251414675.7 	-113.471777 
251980647.5 	-113.546572 
252547893.3 	-113.621764 
253116416   	-113.697355 
253686218.6 	-113.773352 
254257303.9 	-113.849756 
254829674.8 	-113.926572 
255403334.2 	-114.003805 
255978285   	-114.081457 
256554530   	-114.159535 
257132072.3 	-114.23804  
257710914.8 	-114.316979 
258291060.2 	-114.396355 
258872511.7 	-114.476173 
259455272.1 	-114.556437 
260039344.4 	-114.637152 
260624731.6 	-114.718323 
261211436.5 	-114.799953 
261799462.2 	-114.882048 
262388811.6 	-114.964613 
262979487.7 	-115.047653 
263571493.5 	-115.131173 
264164832   	-115.215177 
264759506.2 	-115.299671 
265355519.2 	-115.38466  
265952873.8 	-115.47015  
266551573.1 	-115.556145 
267151620.3 	-115.642652 
267753018.2 	-115.729676 
268355769.9 	-115.817223 
268959878.6 	-115.905298 
269565347.1 	-115.993908 
270172178.7 	-116.083057 
270780376.3 	-116.172753 
271389943.1 	-116.263002 
272000882.1 	-116.35381  
272613196.4 	-116.445182 
273226889.2 	-116.537126 
273841963.4 	-116.629649 
274458422.3 	-116.722757 
275076268.9 	-116.816456 
275695506.4 	-116.910754 
276316137.8 	-117.005658 
276938166.4 	-117.101175 
277561595.3 	-117.197313 
278186427.6 	-117.294078 
278812666.5 	-117.391479 
279440315.2 	-117.489523 
280069376.8 	-117.588217 
280699854.5 	-117.687571 
281331751.5 	-117.787592 
281965071   	-117.888289 
282599816.2 	-117.989669 
283235990.3 	-118.091742 
283873596.5 	-118.194516 
284512638   	-118.298    
285153118.2 	-118.402204 
285795040.1 	-118.507136 
286438407.1 	-118.612806 
287083222.5 	-118.719224 
287729489.4 	-118.826399 
288377211.1 	-118.934342 
289026391   	-119.043063 
289677032.3 	-119.152572 
290329138.2 	-119.262879 
290982712.2 	-119.373996 
291637757.4 	-119.485934 
292294277.2 	-119.598704 
292952275   	-119.712316 
293611754   	-119.826784 
294272717.6 	-119.942119 
294935169.1 	-120.058334 
295599111.9 	-120.17544  
296264549.4 	-120.29345  
296931484.8 	-120.412378 
297599921.6 	-120.532236 
298269863.2 	-120.653039 
298941312.9 	-120.774799 
299614274.1 	-120.897532 
300288750.3 	-121.021252 
300964744.8 	-121.145972 
301642261   	-121.271709 
302321302.5 	-121.398479 
303001872.6 	-121.526295 
303683974.7 	-121.655175 
304367612.4 	-121.785136 
305052789   	-121.916193 
305739508.1 	-122.048365 
306427773.1 	-122.181668 
307117587.4 	-122.316121 
307808954.7 	-122.451742 
308501878.3 	-122.588551 
309196361.7 	-122.726566 
309892408.6 	-122.865807 
310590022.4 	-123.006294 
311289206.6 	-123.148049 
311989964.7 	-123.291092 
312692300.4 	-123.435445 
313396217.1 	-123.581131 
314101718.5 	-123.728171 
314808808   	-123.876591 
315517489.4 	-124.026413 
316227766   	-124.177662 
316939641.6 	-124.330364 
317653119.7 	-124.484544 
318368204   	-124.640229 
319084898.1 	-124.797446 
319803205.5 	-124.956223 
320523129.9 	-125.116588 
321244675   	-125.278572 
321967844.4 	-125.442204 
322692641.8 	-125.607515 
323419070.8 	-125.774538 
324147135.1 	-125.943305 
324876838.3 	-126.11385  
325608184.3 	-126.286206 
326341176.6 	-126.460411 
327075819   	-126.6365   
327812115.1 	-126.814512 
328550068.8 	-126.994484 
329289683.7 	-127.176457 
330030963.7 	-127.360472 
330773912.3 	-127.54657  
331518533.4 	-127.734796 
332264830.8 	-127.925194 
333012808.2 	-128.117811 
333762469.4 	-128.312693 
334513818.2 	-128.50989  
335266858.5 	-128.709452 
336021593.9 	-128.911431 
336778028.3 	-129.115882 
337536165.6 	-129.322859 
338296009.6 	-129.53242  
339057564   	-129.744623 
339820832.9 	-129.959531 
340585820   	-130.177205 
341352529.2 	-130.397711 
342120964.3 	-130.621116 
342891129.4 	-130.84749  
343663028.1 	-131.076904 
344436664.6 	-131.309433 
345212042.6 	-131.545154 
345989166.1 	-131.784147 
346768039   	-132.026493 
347548665.3 	-132.27228  
348331048.9 	-132.521594 
349115193.7 	-132.774528 
349901103.8 	-133.031177 
350688783.1 	-133.29164  
351478235.5 	-133.556018 
352269465.1 	-133.824419 
353062476   	-134.096952 
353857271.9 	-134.373731 
354653857.1 	-134.654877 
355452235.6 	-134.940512 
356252411.3 	-135.230765 
357054388.3 	-135.52577  
357858170.6 	-135.825665 
358663762.4 	-136.130597 
359471167.8 	-136.440714 
360280390.7 	-136.756176 
361091435.3 	-137.077144 
361904305.6 	-137.403791 
362719005.9 	-137.736293 
363535540.2 	-138.074837 
364353912.6 	-138.419617 
365174127.3 	-138.770834 
365996188.4 	-139.128701 
366820100.1 	-139.493439 
367645866.5 	-139.865279 
368473491.9 	-140.244462 
369302980.3 	-140.631242 
370134336.1 	-141.025884 
370967563.4 	-141.428666 
371802666.4 	-141.839879 
372639649.3 	-142.259827 
373478516.4 	-142.688831 
374319272   	-143.127227 
375161920.2 	-143.575368 
376006465.3 	-144.033623 
376852911.6 	-144.502383 
377701263.4 	-144.982057 
378551524.9 	-145.473075 
379403700.5 	-145.975891 
380257794.5 	-146.490982 
381113811.2 	-147.01885  
381971754.9 	-147.560025 
382831630   	-148.115065 
383693440.8 	-148.684558 
384557191.6 	-149.269127 
385422886.9 	-149.869425 
386290530.9 	-150.486145 
387160128.2 	-151.120018 
388031683.1 	-151.771815 
388905199.9 	-152.442352 
389780683.2 	-153.13249  
390658137.3 	-153.843139 
391537566.7 	-154.575263 
392418975.8 	-155.329879 
393302369.2 	-156.108062 
394187751.1 	-156.910948 
395075126.2 	-157.739738 
395964498.9 	-158.595699 
396855873.7 	-159.480171 
397749255.1 	-160.394566 
398644647.7 	-161.340371 
399542055.9 	-162.319154 
400441484.3 	-163.332564 
401342937.5 	-164.382332 
402246419.9 	-165.470271 
403151936.3 	-166.59828  
404059491.1 	-167.768339 
404969088.9 	-168.982504 
405880734.4 	-170.24291  
406794432.1 	-171.551756 
407710186.7 	-172.911297 
408628002.8 	-174.323832 
409547885   	-175.791686 
410469838   	-177.317188 
411393866.5 	-178.902641 
412319975.1 	-180.550293 
413248168.5 	-182.262293 
414178451.4 	-184.040643 
415110828.6 	-185.887146 
416045304.6 	-187.803343 
416981884.3 	-189.790439 
417920572.3 	-191.84923  
418861373.5 	-193.98002  
419804292.6 	-196.182539 
420749334.3 	-198.455853 
421696503.4 	-200.798291 
422645804.8 	-203.207372 
423597243.2 	-205.67975  
424550823.4 	-208.21118  
425506550.2 	-210.796506 
426464428.6 	-213.429693 
427424463.3 	-216.103872 
428386659.1 	-218.811445 
429351021   	-221.544205 
430317553.8 	-224.293497 
431286262.5 	-227.050399 
432257151.8 	-229.80592  
433230226.7 	-232.551197 
434205492.2 	-235.277691 
435182953.2 	-237.977363 
436162614.5 	-240.642823 
437144481.3 	-243.26745  
438128558.3 	-245.845475 
439114850.7 	-248.372033 
440103363.3 	-250.843168 
441094101.3 	-253.255828 
442087069.5 	-255.607817 
443082273   	-257.897738 
444079716.9 	-260.124919 
445079406.2 	-262.289336 
446081346   	-264.39152  
447085541.2 	-266.432483 
448091997.1 	-268.41363  
449100718.6 	-270.336689 
450111710.9 	-272.20364  
451124979.2 	-274.016655 
452140528.4 	-275.778047 
453158363.8 	-277.490221 
454178490.4 	-279.155639 
455200913.6 	-280.776787 
456225638.3 	-282.356148 
457252669.9 	-283.896183 
458282013.5 	-285.399313 
459313674.2 	-286.867911 
460347657.4 	-288.304285 
461383968.3 	-289.710679 
462422612   	-291.089266 
463463593.9 	-292.442143 
464506919.2 	-293.771335 
465552593.1 	-295.078792 
466600621   	-296.366391 
467651008.2 	-297.635938 
468703760   	-298.889169 
469758881.7 	-300.127755 
470816378.6 	-301.353304 
471876256.1 	-302.567361 
472938519.5 	-303.771416 
474003174.2 	-304.966905 
475070225.7 	-306.155212 
476139679.2 	-307.337673 
477211540.2 	-308.515579 
478285814.2 	-309.690176 
479362506.5 	-310.862674 
480441622.5 	-312.034241 
481523167.9 	-313.206011 
482607147.9 	-314.379083 
483693568.2 	-315.554524 
484782434.2 	-316.733369 
485873751.3 	-317.916625 
486967525.2 	-319.105266 
488063761.3 	-320.300241 
489162465.2 	-321.502468 
490263642.4 	-322.712838 
491367298.6 	-323.932212 
492473439.2 	-325.161423 
493582070   	-326.401272 
494693196.4 	-327.652531 
495806824.2 	-328.915937 
496922958.9 	-330.192194 
498041606.1 	-331.481967 
499162771.6 	-332.785883 
500286461.1 	-334.104528 
501412680.1 	-335.438442 
502541434.4 	-336.788116 
503672729.7 	-338.153989 
504806571.7 	-339.536448 
505942966.1 	-340.935816 
507081918.8 	-342.352356 
508223435.4 	-343.786261 
509367521.7 	-345.237655 
510514183.5 	-346.706584 
511663426.6 	-348.193017 
512815256.9 	-349.696837 
513969680.1 	-351.217844 
515126702   	-352.755745 
516286328.6 	-354.310158 
517448565.7 	-355.880606 
518613419.2 	-357.46652  
519780894.9 	-359.067233 
520950998.8 	-360.681988 
522123736.7 	-362.309933 
523299114.7 	-363.950128 
524477138.6 	-365.601549 
525657814.4 	-367.26309  
526841148.1 	-368.933572 
528027145.6 	-370.61175  
529215813.1 	-372.29632  
530407156.3 	-373.985927 
531601181.5 	-375.67918  
532797894.6 	-377.374656 
533997301.7 	-379.070916 
535199408.8 	-380.766513 
536404222   	-382.460007 
537611747.5 	-384.149973 
538821991.2 	-385.835014 
540034959.4 	-387.513769 
541250658.2 	-389.18493  
542469093.7 	-390.84724  
543690272.1 	-392.499512 
544914199.5 	-394.140632 
546140882.2 	-395.769562 
547370326.3 	-397.385352 
548602538.1 	-398.987138 
549837523.7 	-400.574151 
551075289.5 	-402.145711 
552315841.7 	-403.701236 
553559186.6 	-405.240238 
554805330.4 	-406.76232  
556054279.5 	-408.26718  
557306040.1 	-409.754604 
558560618.7 	-411.224465 
559818021.5 	-412.676721 
561078254.8 	-414.111408 
562341325.2 	-415.528638 
563607238.9 	-416.928599 
564876002.4 	-418.311542 
566147622   	-419.677785 
567422104.3 	-421.027706 
568699455.6 	-422.361738 
569979682.4 	-423.680368 
571262791.2 	-424.984131 
572548788.4 	-426.273608 
573837680.7 	-427.549423 
575129474.4 	-428.81224  
576424176.1 	-430.062759 
577721792.4 	-431.30172  
579022329.8 	-432.529892 
580325795   	-433.74808  
581632194.4 	-434.957118 
582941534.7 	-436.157871 
584253822.6 	-437.351237 
585569064.5 	-438.538139 
586887267.3 	-439.719534 
588208437.6 	-440.896407 
589532582   	-442.069776 
590859707.3 	-443.240691 
592189820.1 	-444.410235 
593522927.2 	-445.579528 
594859035.4 	-446.749724 
596198151.3 	-447.92202  
597540281.7 	-449.097654 
598885433.5 	-450.277908 
600233613.4 	-451.464112 
601584828.3 	-452.657648 
602939084.9 	-453.859951 
604296390.2 	-455.072517 
605656751   	-456.296901 
607020174.2 	-457.534727 
608386666.6 	-458.787688 
609756235.2 	-460.057552 
611128886.9 	-461.346169 
612504628.7 	-462.655467 
613883467.4 	-463.987467 
615265410.1 	-465.344276 
616650463.8 	-466.728099 
618038635.5 	-468.141233 
619429932.1 	-469.586076 
620824360.7 	-471.06512  
622221928.4 	-472.580955 
623622642.3 	-474.136258 
625026509.3 	-475.733791 
626433536.7 	-477.376389 
627843731.4 	-479.066942 
629257100.8 	-480.808376 
630673651.8 	-482.603629 
632093391.8 	-484.455611 
633516327.7 	-486.367165 
634942466.9 	-488.341016 
636371816.6 	-490.379706 
637804383.9 	-492.485522 
639240176.1 	-494.660415 
640679200.6 	-496.905899 
642121464.5 	-499.222953 
643566975.1 	-501.611906 
645015739.8 	-504.072325 
646467765.9 	-506.602901 
647923060.7 	-509.201344 
649381631.6 	-511.864296 
650843485.9 	-514.587267 
652308631.1 	-517.3646   
653777074.6 	-520.18949  
655248823.7 	-523.054035 
656723886   	-525.949351 
658202268.9 	-528.865731 
659683979.8 	-531.792851 
661169026.2 	-534.720012 
662657415.8 	-537.636406 
664149155.9 	-540.531384 
665644254.1 	-543.394718 
667142718   	-546.21684  
668644555.2 	-548.989034 
670149773.3 	-551.703589 
671658379.8 	-554.353898 
673170382.4 	-556.934505 
674685788.8 	-559.44111  
676204606.5 	-561.870527 
677726843.4 	-564.220616 
679252507   	-566.49019  
680781605.1 	-568.678907 
682314145.5 	-570.787158 
683850135.8 	-572.815952 
685389583.9 	-574.766805 
686932497.5 	-576.641641 
688478884.4 	-578.442696 
690028752.4 	-580.172434 
691582109.5 	-581.833485 
693138963.4 	-583.428575 
694699322   	-584.960482 
696263193.2 	-586.431992 
697830584.9 	-587.84587  
699401505   	-589.204829 
700975961.5 	-590.511517 
702553962.3 	-591.768496 
704135515.5 	-592.978236 
705720628.9 	-594.143106 
707309310.7 	-595.265371 
708901568.9 	-596.347191 
710497411.4 	-597.390619 
712096846.5 	-598.397603 
713699882.1 	-599.369988 
715306526.3 	-600.309522 
716916787.4 	-601.217855 
718530673.4 	-602.096545 
720148192.5 	-602.947065 
721769352.9 	-603.770801 
723394162.7 	-604.569063 
725022630.3 	-605.343084 
726654763.7 	-606.094027 
728290571.4 	-606.822988 
729930061.4 	-607.531003 
731573242.2 	-608.219045 
733220122.1 	-608.888033 
734870709.3 	-609.538836 
736525012.3 	-610.172272 
738183039.3 	-610.789114 
739844798.8 	-611.39009  
741510299.1 	-611.975892 
743179548.8 	-612.54717  
744852556.2 	-613.104541 
746529329.7 	-613.648587 
748209877.9 	-614.17986  
749894209.3 	-614.698884 
751582332.4 	-615.206152 
753274255.7 	-615.702134 
754969987.7 	-616.187276 
756669537.1 	-616.661999 
758372912.5 	-617.126704 
760080122.4 	-617.581773 
761791175.4 	-618.027567 
763506080.3 	-618.46443  
765224845.7 	-618.89269  
766947480.4 	-619.312659 
768673992.9 	-619.724632 
770404392   	-620.128893 
772138686.5 	-620.525712 
773876885.2 	-620.915346 
775618996.9 	-621.298039 
777365030.2 	-621.674027 
779114994.2 	-622.043532 
780868897.6 	-622.40677  
782626749.3 	-622.763943 
784388558.1 	-623.115248 
786154333.1 	-623.460872 
787924083.1 	-623.800993 
789697817   	-624.135784 
791475543.9 	-624.465409 
793257272.8 	-624.790026 
795043012.5 	-625.109785 
796832772.2 	-625.424831 
798626561   	-625.735305 
800424387.8 	-626.041339 
802226261.8 	-626.343063 
804032192.1 	-626.640599 
805842187.8 	-626.934066 
807656258   	-627.223579 
809474412   	-627.509246 
811296659   	-627.791175 
813123008.1 	-628.069466 
814953468.5 	-628.344219 
816788049.6 	-628.615526 
818626760.7 	-628.88348  
820469610.9 	-629.148168 
822316609.7 	-629.409674 
824167766.3 	-629.668082 
826023090.2 	-629.923469 
827882590.6 	-630.175911 
829746277.1 	-630.425483 
831614159   	-630.672255 
833486245.8 	-630.916297 
835362547   	-631.157674 
837243071.9 	-631.396451 
839127830.2 	-631.632689 
841016831.4 	-631.86645  
842910085   	-632.097791 
844807600.6 	-632.326769 
846709387.8 	-632.553438 
848615456.2 	-632.777851 
850525815.4 	-633.00006  
852440475.2 	-633.220113 
854359445.1 	-633.438059 
856282734.9 	-633.653946 
858210354.3 	-633.867817 
860142313.1 	-634.079718 
862078621   	-634.28969  
864019287.8 	-634.497775 
865964323.4 	-634.704014 
867913737.5 	-634.908445 
869867540   	-635.111106 
871825740.8 	-635.312034 
873788349.9 	-635.511265 
875755377   	-635.708834 
877726832.2 	-635.904775 
879702725.5 	-636.099119 
881683066.8 	-636.291901 
883667866.1 	-636.483149 
885657133.5 	-636.672896 
887650879.1 	-636.86117  
889649112.8 	-637.048001 
891651844.9 	-637.233415 
893659085.4 	-637.417441 
895670844.6 	-637.600104 
897687132.4 	-637.781431 
899707959.3 	-637.961447 
901733335.3 	-638.140176 
903763270.8 	-638.317643 
905797775.9 	-638.49387  
907836861.1 	-638.668881 
909880536.5 	-638.842697 
911928812.5 	-639.01534  
913981699.5 	-639.186831 
916039207.8 	-639.357192 
918101347.9 	-639.526441 
920168130.2 	-639.694599 
922239565.1 	-639.861684 
924315663.1 	-640.027716 
926396434.8 	-640.192713 
928481890.5 	-640.356692 
930572040.9 	-640.519671 
932666896.6 	-640.681667 
934766468.1 	-640.842697 
936870766   	-641.002776 
938979801   	-641.161921 
941093583.8 	-641.320148 
943212125   	-641.477471 
945335435.4 	-641.633905 
947463525.7 	-641.789464 
949596406.6 	-641.944164 
951734088.9 	-642.098018 
953876583.5 	-642.251039 
956023901.1 	-642.403241 
958176052.7 	-642.554637 
960333049.1 	-642.705239 
962494901.2 	-642.85506  
964661619.9 	-643.004112 
966833216.3 	-643.152407 
969009701.2 	-643.299957 
971191085.7 	-643.446774 
973377380.9 	-643.592867 
975568597.7 	-643.73825  
977764747.3 	-643.882931 
979965840.8 	-644.026922 
982171889.2 	-644.170233 
984382903.8 	-644.312875 
986598895.7 	-644.454856 
988819876.1 	-644.596187 
991045856.2 	-644.736878 
993276847.4 	-644.876937 
995512860.9 	-645.016374 
997753908   	-645.155198 
1000000000  	-645.293418 
1002251148  	-645.431041 
1004507364  	-645.568078 
1006768659  	-645.704535 
1009035045  	-645.840422 
1011306532  	-645.975746 
1013583133  	-646.110515 
1015864859  	-646.244737 
1018151722  	-646.378418 
1020443732  	-646.511568 
1022740902  	-646.644192 
1025043244  	-646.776299 
1027350768  	-646.907894 
1029663487  	-647.038986 
1031981412  	-647.16958  
1034304556  	-647.299683 
1036632928  	-647.429303 
1038966543  	-647.558444 
1041305411  	-647.687114 
1043649544  	-647.815319 
1045998953  	-647.943064 
1048353652  	-648.070356 
1050713652  	-648.197201 
1053078964  	-648.323604 
1055449601  	-648.449571 
1057825574  	-648.575107 
1060206897  	-648.700218 
1062593580  	-648.824909 
1064985635  	-648.949186 
1067383076  	-649.073053 
1069785914  	-649.196516 
1072194160  	-649.31958  
1074607828  	-649.442249 
1077026930  	-649.564529 
1079451477  	-649.686424 
1081881483  	-649.807939 
1084316958  	-649.929078 
1086757917  	-650.049846 
1089204370  	-650.170248 
1091656330  	-650.290287 
1094113811  	-650.409968 
1096576823  	-650.529296 
1099045380  	-650.648274 
1101519494  	-650.766906 
1103999178  	-650.885197 
1106484444  	-651.00315  
1108975304  	-651.120769 
1111471772  	-651.238058 
1113973860  	-651.355022 
1116481580  	-651.471662 
1118994946  	-651.587984 
1121513970  	-651.703991 
1124038664  	-651.819686 
1126569041  	-651.935073 
1129105115  	-652.050154 
1131646899  	-652.164935 
1134194404  	-652.279417 
1136747643  	-652.393604 
1139306631  	-652.507499 
1141871379  	-652.621106 
1144441901  	-652.734427 
1147018209  	-652.847466 
1149600317  	-652.960225 
1152188238  	-653.072707 
1154781985  	-653.184916 
1157381570  	-653.296855 
1159987008  	-653.408525 
1162598311  	-653.51993  
1165215492  	-653.631073 
1167838565  	-653.741955 
1170467542  	-653.852581 
1173102438  	-653.962953 
1175743266  	-654.073072 
1178390038  	-654.182942 
1181042769  	-654.292565 
1183701472  	-654.401944 
1186366159  	-654.51108  
1189036845  	-654.619977 
1191713543  	-654.728637 
1194396267  	-654.837061 
1197085030  	-654.945253 
1199779846  	-655.053214 
1202480729  	-655.160947 
1205187691  	-655.268454 
1207900747  	-655.375737 
1210619911  	-655.482798 
1213345196  	-655.589639 
1216076616  	-655.696262 
1218814185  	-655.802669 
1221557916  	-655.908863 
1224307824  	-656.014845 
1227063923  	-656.120617 
1229826226  	-656.226181 
1232594747  	-656.331539 
1235369500  	-656.436692 
1238150500  	-656.541643 
1240937761  	-656.646394 
1243731296  	-656.750945 
1246531119  	-656.855299 
1249337246  	-656.959457 
1252149689  	-657.063422 
1254968464  	-657.167195 
1257793584  	-657.270777 
1260625064  	-657.37417  
1263462918  	-657.477375 
1266307160  	-657.580395 
1269157805  	-657.683231 
1272014868  	-657.785884 
1274878362  	-657.888355 
1277748302  	-657.990647 
1280624703  	-658.092761 
1283507579  	-658.194697 
1286396945  	-658.296458 
1289292815  	-658.398045 
1292195205  	-658.49946  
1295104128  	-658.600702 
1298019599  	-658.701775 
1300941634  	-658.802679 
1303870246  	-658.903416 
1306805451  	-659.003986 
1309747264  	-659.104391 
1312695700  	-659.204633 
1315650772  	-659.304712 
1318612497  	-659.40463  
1321580890  	-659.504387 
1324555964  	-659.603986 
1327537736  	-659.703427 
1330526220  	-659.802711 
1333521432  	-659.901839 
1336523387  	-660.000813 
1339532099  	-660.099634 
1342547584  	-660.198302 
1345569858  	-660.296819 
1348598935  	-660.395186 
1351634832  	-660.493403 
1354677562  	-660.591472 
1357727142  	-660.689394 
1360783587  	-660.787169 
1363846913  	-660.884799 
1366917135  	-660.982285 
1369994268  	-661.079627 
1373078328  	-661.176826 
1376169331  	-661.273884 
1379267292  	-661.370801 
1382372227  	-661.467578 
1385484152  	-661.564217 
1388603083  	-661.660716 
1391729034  	-661.757079 
1394862022  	-661.853305 
1398002064  	-661.949395 
1401149174  	-662.045351 
1404303368  	-662.141172 
1407464663  	-662.236859 
1410633075  	-662.332415 
1413808619  	-662.427838 
1416991312  	-662.52313  
1420181170  	-662.618292 
1423378208  	-662.713324 
1426582444  	-662.808227 
1429793892  	-662.903002 
1433012570  	-662.99765  
1436238494  	-663.09217  
1439471680  	-663.186564 
1442712144  	-663.280833 
1445959903  	-663.374976 
1449214973  	-663.468996 
1452477371  	-663.562891 
1455747113  	-663.656664 
1459024216  	-663.750314 
1462308696  	-663.843842 
1465600569  	-663.937249 
1468899853  	-664.030535 
1472206565  	-664.123701 
1475520720  	-664.216748 
1478842336  	-664.309675 
1482171429  	-664.402484 
1485508017  	-664.495175 
1488852116  	-664.587749 
1492203743  	-664.680205 
1495562915  	-664.772545 
1498929649  	-664.86477  
1502303962  	-664.956879 
1505685871  	-665.048873 
1509075393  	-665.140752 
1512472545  	-665.232518 
1515877345  	-665.32417  
1519289810  	-665.415709 
1522709957  	-665.507135 
1526137803  	-665.598449 
1529573365  	-665.689652 
1533016662  	-665.780743 
1536467709  	-665.871723 
1539926526  	-665.962592 
1543393129  	-666.053352 
1546867536  	-666.144002 
1550349764  	-666.234542 
1553839831  	-666.324974 
1557337755  	-666.415297 
1560843553  	-666.505512 
1564357244  	-666.595619 
1567878844  	-666.685618 
1571408372  	-666.775511 
1574945845  	-666.865296 
1578491282  	-666.954976 
1582044699  	-667.044549 
1585606117  	-667.134016 
1589175551  	-667.223378 
1592753021  	-667.312635 
1596338544  	-667.401787 
1599932139  	-667.490834 
1603533824  	-667.579777 
1607143616  	-667.668617 
1610761535  	-667.757352 
1614387598  	-667.845985 
1618021824  	-667.934514 
1621664231  	-668.02294  
1625314837  	-668.111264 
1628973662  	-668.199486 
1632640723  	-668.287605 
1636316040  	-668.375623 
1639999630  	-668.46354  
1643691512  	-668.551355 
1647391705  	-668.639069 
1651100228  	-668.726682 
1654817100  	-668.814195 
1658542339  	-668.901607 
1662275963  	-668.988919 
1666017993  	-669.076131 
1669768447  	-669.163244 
1673527343  	-669.250257 
1677294701  	-669.337171 
1681070540  	-669.423986 
1684854879  	-669.510702 
1688647738  	-669.597319 
1692449134  	-669.683838 
1696259088  	-669.770258 
1700077619  	-669.85658  
1703904746  	-669.942804 
1707740488  	-670.028931 
1711584865  	-670.114959 
1715437896  	-670.200891 
1719299601  	-670.286725 
1723170000  	-670.372462 
1727049111  	-670.458101 
1730936955  	-670.543644 
1734833550  	-670.629091 
1738738918  	-670.714441 
1742653077  	-670.799694 
1746576048  	-670.884851 
1750507849  	-670.969912 
1754448502  	-671.054877 
1758398026  	-671.139746 
1762356441  	-671.224519 
1766323766  	-671.309196 
1770300023  	-671.393779 
1774285231  	-671.478265 
1778279410  	-671.562657 
1782282581  	-671.646953 
1786294763  	-671.731154 
1790315977  	-671.81526  
1794346244  	-671.899271 
1798385584  	-671.983188 
1802434016  	-672.067009 
1806491563  	-672.150736 
1810558243  	-672.234369 
1814634078  	-672.317907 
1818719089  	-672.401351 
1822813295  	-672.484701 
1826916718  	-672.567956 
1831029378  	-672.651118 
1835151297  	-672.734185 
1839282495  	-672.817159 
1843422992  	-672.900038 
1847572811  	-672.982824 
1851731971  	-673.065516 
1855900495  	-673.148114 
1860078402  	-673.230619 
1864265714  	-673.31303  
1868462453  	-673.395348 
1872668639  	-673.477572 
1876884294  	-673.559703 
1881109438  	-673.641741 
1885344095  	-673.723685 
1889588284  	-673.805536 
1893842027  	-673.887294 
1898105347  	-673.968959 
1902378263  	-674.05053  
1906660799  	-674.132009 
1910952975  	-674.213394 
1915254813  	-674.294687 
1919566336  	-674.375887 
1923887565  	-674.456993 
1928218521  	-674.538007 
1932559227  	-674.618928 
1936909704  	-674.699756 
1941269975  	-674.780491 
1945640062  	-674.861134 
1950019986  	-674.941684 
1954409770  	-675.022141 
1958809436  	-675.102505 
1963219007  	-675.182777 
1967638504  	-675.262956 
1972067950  	-675.343042 
1976507367  	-675.423036 
1980956779  	-675.502937 
1985416206  	-675.582745 
1989885672  	-675.662461 
1994365200  	-675.742084 
1998854812  	-675.821615 
2003354530  	-675.901053 
2007864379  	-675.980399 
2012384379  	-676.059652 
2016914555  	-676.138812 
2021454928  	-676.21788  
2026005523  	-676.296855 
2030566362  	-676.375738 
2035137468  	-676.454528 
2039718864  	-676.533226 
2044310574  	-676.611831 
2048912620  	-676.690344 
2053525026  	-676.768764 
2058147816  	-676.847091 
2062781012  	-676.925326 
2067424638  	-677.003468 
2072078717  	-677.081518 
2076743274  	-677.159475 
2081418331  	-677.237339 
2086103912  	-677.315111 
2090800041  	-677.392791 
2095506742  	-677.470377 
2100224039  	-677.547871 
2104951954  	-677.625272 
2109690513  	-677.702581 
2114439740  	-677.779797 
2119199657  	-677.85692  
2123970290  	-677.933951 
2128751662  	-678.010889 
2133543797  	-678.087734 
2138346721  	-678.164486 
2143160457  	-678.241145 
2147985029  	-678.317712 
2152820461  	-678.394186 
2157666779  	-678.470567 
2162524007  	-678.546855 
2167392170  	-678.62305  
2172271291  	-678.699152 
2177161396  	-678.775161 
2182062509  	-678.851078 
2186974655  	-678.926901 
2191897859  	-679.002631 
2196832146  	-679.078269 
2201777541  	-679.153813 
2206734069  	-679.229264 
2211701755  	-679.304622 
2216680623  	-679.379887 
2221670700  	-679.455059 
2226672010  	-679.530138 
2231684579  	-679.605123 
2236708432  	-679.680015 
2241743595  	-679.754814 
2246790092  	-679.82952  
2251847949  	-679.904132 
2256917193  	-679.978651 
2261997848  	-680.053077 
2267089941  	-680.127409 
2272193497  	-680.201648 
2277308541  	-680.275793 
2282435100  	-680.349845 
2287573200  	-680.423803 
2292722867  	-680.497668 
2297884126  	-680.571439 
2303057004  	-680.645117 
2308241527  	-680.718701 
2313437721  	-680.792191 
2318645612  	-680.865588 
2323865227  	-680.938891 
2329096592  	-681.0121   
2334339734  	-681.085216 
2339594679  	-681.158237 
2344861454  	-681.231165 
2350140085  	-681.303999 
2355430598  	-681.376739 
2360733022  	-681.449385 
2366047382  	-681.521937 
2371373706  	-681.594395 
2376712020  	-681.66676  
2382062351  	-681.73903  
2387424726  	-681.811206 
2392799173  	-681.883288 
2398185719  	-681.955275 
2403584391  	-682.027169 
2408995216  	-682.098969 
2414418221  	-682.170674 
2419853435  	-682.242285 
2425300884  	-682.313801 
2430760596  	-682.385224 
2436232598  	-682.456552 
2441716919  	-682.527786 
2447213586  	-682.598925 
2452722627  	-682.66997  
2458244069  	-682.74092  
2463777941  	-682.811776 
2469324270  	-682.882538 
2474883085  	-682.953205 
2480454414  	-683.023777 
2486038285  	-683.094255 
2491634726  	-683.164638 
2497243765  	-683.234927 
2502865431  	-683.305121 
2508499752  	-683.37522  
2514146757  	-683.445225 
2519806475  	-683.515134 
2525478933  	-683.584949 
2531164160  	-683.65467  
2536862186  	-683.724295 
2542573039  	-683.793825 
2548296748  	-683.863261 
2554033342  	-683.932602 
2559782850  	-684.001848 
2565545300  	-684.070999 
2571320723  	-684.140055 
2577109148  	-684.209016 
2582910602  	-684.277882 
2588725117  	-684.346653 
2594552721  	-684.415329 
2600393444  	-684.48391  
2606247316  	-684.552396 
2612114365  	-684.620786 
2617994622  	-684.689082 
2623888116  	-684.757283 
2629794877  	-684.825388 
2635714935  	-684.893398 
2641648320  	-684.961313 
2647595062  	-685.029132 
2653555192  	-685.096857 
2659528738  	-685.164486 
2665515731  	-685.23202  
2671516203  	-685.299459 
2677530182  	-685.366802 
2683557699  	-685.43405  
2689598786  	-685.501202 
2695653471  	-685.56826  
2701721787  	-685.635222 
2707803763  	-685.702088 
2713899431  	-685.768859 
2720008821  	-685.835535 
2726131964  	-685.902115 
2732268892  	-685.9686   
2738419634  	-686.03499  
2744584223  	-686.101284 
2750762689  	-686.167482 
2756955064  	-686.233585 
2763161378  	-686.299593 
2769381664  	-686.365505 
2775615953  	-686.431321 
2781864276  	-686.497042 
2788126665  	-686.562668 
2794403152  	-686.628198 
2800693768  	-686.693632 
2806998545  	-686.758971 
2813317515  	-686.824215 
2819650710  	-686.889362 
2825998162  	-686.954415 
2832359903  	-687.019371 
2838735965  	-687.084232 
2845126380  	-687.148998 
2851531182  	-687.213668 
2857950401  	-687.278242 
2864384071  	-687.342721 
2870832225  	-687.407104 
2877294894  	-687.471392 
2883772111  	-687.535584 
2890263910  	-687.59968  
2896770323  	-687.663681 
2903291382  	-687.727586 
2909827122  	-687.791396 
2916377574  	-687.85511  
2922942772  	-687.918729 
2929522750  	-687.982252 
2936117540  	-688.045679 
2942727176  	-688.109011 
2949351691  	-688.172247 
2955991119  	-688.235388 
2962645494  	-688.298433 
2969314848  	-688.361383 
2975999216  	-688.424237 
2982698632  	-688.486996 
2989413129  	-688.549659 
2996142741  	-688.612226 
3002887503  	-688.674698 
3009647448  	-688.737075 
3016422610  	-688.799356 
3023213025  	-688.861541 
3030018726  	-688.923631 
3036839747  	-688.985626 
3043676124  	-689.047525 
3050527890  	-689.109329 
3057395081  	-689.171038 
3064277731  	-689.232651 
3071175874  	-689.294168 
3078089547  	-689.35559  
3085018783  	-689.416917 
3091963617  	-689.478149 
3098924086  	-689.539285 
3105900224  	-689.600326 
3112892066  	-689.661272 
3119899647  	-689.722122 
3126923004  	-689.782877 
3133962171  	-689.843537 
3141017185  	-689.904102 
3148088080  	-689.964572 
3155174894  	-690.024946 
3162277660  	-690.085225 
3169396416  	-690.145409 
3176531197  	-690.205499 
3183682040  	-690.265493 
3190848981  	-690.325391 
3198032055  	-690.385195 
3205231299  	-690.444904 
3212446750  	-690.504518 
3219678444  	-690.564037 
3226926418  	-690.623461 
3234190708  	-690.682791 
3241471351  	-690.742025 
3248768383  	-690.801164 
3256081843  	-690.860209 
3263411766  	-690.919159 
3270758190  	-690.978014 
3278121151  	-691.036775 
3285500688  	-691.09544  
3292896837  	-691.154012 
3300309637  	-691.212488 
3307739123  	-691.27087  
3315185334  	-691.329158 
3322648308  	-691.38735  
3330128082  	-691.445449 
3337624694  	-691.503453 
3345138182  	-691.561362 
3352668585  	-691.619178 
3360215939  	-691.676898 
3367780283  	-691.734525 
3375361656  	-691.792057 
3382960096  	-691.849495 
3390575640  	-691.906839 
3398208329  	-691.964089 
3405858200  	-692.021245 
3413525292  	-692.078306 
3421209643  	-692.135274 
3428911294  	-692.192147 
3436630281  	-692.248927 
3444366646  	-692.305613 
3452120426  	-692.362204 
3459891661  	-692.418703 
3467680390  	-692.475107 
3475486653  	-692.531418 
3483310489  	-692.587634 
3491151937  	-692.643758 
3499011038  	-692.699787 
3506887831  	-692.755724 
3514782355  	-692.811566 
3522694651  	-692.867316 
3530624760  	-692.922972 
3538572719  	-692.978534 
3546538571  	-693.034003 
3554522356  	-693.089379 
3562524113  	-693.144662 
3570543883  	-693.199852 
3578581706  	-693.254949 
3586637624  	-693.309952 
3594711678  	-693.364863 
3602803907  	-693.41968  
3610914353  	-693.474405 
3619043056  	-693.529037 
3627190059  	-693.583577 
3635355402  	-693.638023 
3643539126  	-693.692377 
3651741273  	-693.746638 
3659961884  	-693.800807 
3668201001  	-693.854883 
3676458665  	-693.908867 
3684734919  	-693.962758 
3693029803  	-694.016558 
3701343361  	-694.070265 
3709675634  	-694.123879 
3718026664  	-694.177402 
3726396493  	-694.230832 
3734785164  	-694.284171 
3743192720  	-694.337417 
3751619202  	-694.390572 
3760064653  	-694.443635 
3768529116  	-694.496606 
3777012634  	-694.549486 
3785515249  	-694.602273 
3794037005  	-694.65497  
3802577945  	-694.707574 
3811138112  	-694.760088 
3819717549  	-694.81251  
3828316300  	-694.86484  
3836934408  	-694.91708  
3845571916  	-694.969228 
3854228869  	-695.021285 
3862905309  	-695.073251 
3871601282  	-695.125126 
3880316831  	-695.17691  
3889051999  	-695.228604 
3897806832  	-695.280206 
3906581373  	-695.331718 
3915375667  	-695.38314  
3924189758  	-695.43447  
3933023692  	-695.485711 
3941877511  	-695.536861 
3950751262  	-695.58792  
3959644989  	-695.638889 
3968558737  	-695.689769 
3977492551  	-695.740558 
3986446477  	-695.791257 
3995420559  	-695.841866 
4004414843  	-695.892385 
4013429375  	-695.942814 
4022464199  	-695.993154 
4031519363  	-696.043403 
4040594911  	-696.093564 
4049690889  	-696.143635 
4058807344  	-696.193616 
4067944321  	-696.243508 
4077101867  	-696.293311 
4086280028  	-696.343024 
4095478850  	-696.392649 
4104698380  	-696.442184 
4113938665  	-696.491631 
4123199751  	-696.540988 
4132481685  	-696.590257 
4141784514  	-696.639437 
4151108286  	-696.688529 
4160453046  	-696.737532 
4169818843  	-696.786446 
4179205723  	-696.835272 
4188613735  	-696.88401  
4198042926  	-696.932659 
4207493343  	-696.981221 
4216965034  	-697.029694 
4226458048  	-697.078079 
4235972432  	-697.126377 
4245508234  	-697.174586 
4255065502  	-697.222708 
4264644286  	-697.270742 
4274244633  	-697.318689 
4283866591  	-697.366548 
4293510210  	-697.41432  
4303175538  	-697.462005 
4312862625  	-697.509602 
4322571518  	-697.557112 
4332302267  	-697.604536 
4342054922  	-697.651872 
4351829532  	-697.699121 
4361626145  	-697.746284 
4371444813  	-697.79336  
4381285583  	-697.84035  
4391148507  	-697.887252 
4401033633  	-697.934069 
4410941013  	-697.980799 
4420870695  	-698.027443 
4430822730  	-698.074001 
4440797169  	-698.120473 
4450794062  	-698.166859 
4460813460  	-698.213159 
4470855412  	-698.259373 
4480919971  	-698.305502 
4491007186  	-698.351544 
4501117109  	-698.397502 
4511249792  	-698.443374 
4521405284  	-698.489161 
4531583638  	-698.534862 
4541784904  	-698.580479 
4552009136  	-698.62601  
4562256383  	-698.671457 
4572526699  	-698.716819 
4582820135  	-698.762096 
4593136742  	-698.807288 
4603476574  	-698.852396 
4613839683  	-698.897419 
4624226120  	-698.942358 
4634635939  	-698.987213 
4645069192  	-699.031983 
4655525931  	-699.07667  
4666006210  	-699.121273 
4676510082  	-699.165791 
4687037600  	-699.210226 
4697588817  	-699.254578 
4708163786  	-699.298845 
4718762561  	-699.343029 
4729385195  	-699.38713  
4740031742  	-699.431148 
4750702257  	-699.475082 
4761396792  	-699.518934 
4772115402  	-699.562702 
4782858142  	-699.606387 
4793625065  	-699.64999  
4804416225  	-699.69351  
4815231679  	-699.736948 
4826071479  	-699.780303 
4836935682  	-699.823575 
4847824342  	-699.866765 
4858737513  	-699.909874 
4869675252  	-699.9529   
4880637613  	-699.995844 
4891624652  	-700.038706 
4902636424  	-700.081487 
4913672986  	-700.124185 
4924734392  	-700.166803 
4935820700  	-700.209339 
4946931964  	-700.251793 
4958068242  	-700.294166 
4969229589  	-700.336458 
4980416061  	-700.378669 
4991627716  	-700.4208   
