Freq,Value
10000.0,-156.539999
3010000.0,-163.21906
6020000.0,-154.627642
9020000.0,-151.064666
12020000.0,-150.862062
15020000.0,-147.449473
18030000.0,-152.496636
21030000.0,-141.565107
24030000.0,-136.904448
27040000.0,-131.198252
30040000.0,-132.999015
33040000.0,-130.8885
36050000.0,-127.141747
39050000.0,-129.337791
42050000.0,-121.067817
45050000.0,-122.996956
48060000.0,-122.158055
51060000.0,-121.83556
54060000.0,-117.500358
57070000.0,-128.54006
60070000.0,-126.622382
63070000.0,-128.297234
66080000.0,-134.875694
69080000.0,-145.040532
72080000.0,-141.603827
75080000.0,-140.527958
78090000.0,-142.216264
81090000.0,-147.766118
84090000.0,-149.062752
87100000.0,-147.250006
90100000.0,-143.11613
93100000.0,-143.029004
96110000.0,-147.256216
99110000.0,-148.846618
102110000.0,-144.394623
105110000.0,-150.344037
108120000.0,-139.017129
111120000.0,-133.320772
114120000.0,-132.311798
117130000.0,-138.889803
120130000.0,-126.788816
123130000.0,-128.534712
126140000.0,-119.099598
129140000.0,-124.256885
132140000.0,-109.052584
135140000.0,-103.561634
138150000.0,-106.762425
141150000.0,-104.77409
144150000.0,-96.4673938
147160000.0,-105.475204
150160000.0,-99.8112396
153160000.0,-95.6079698
156170000.0,-96.5772168
159170000.0,-116.476862
162170000.0,-106.22864
165170000.0,-109.621448
168180000.0,-116.267413
171180000.0,-116.731125
174180000.0,-123.243957
177190000.0,-122.694813
180190000.0,-134.270549
183190000.0,-128.237178
186200000.0,-137.298601
189200000.0,-137.881883
192200000.0,-133.388729
195200000.0,-153.396097
198210000.0,-139.659503
201210000.0,-143.583534
204210000.0,-154.744807
207220000.0,-150.695356
210220000.0,-153.005222
213220000.0,-144.823956
216230000.0,-148.65195
219230000.0,-136.925029
222230000.0,-147.240784
225230000.0,-143.418753
228240000.0,-144.558512
231240000.0,-126.663536
234240000.0,-145.609924
237250000.0,-130.045533
240250000.0,-122.212172
243250000.0,-124.094927
246260000.0,-122.643214
249260000.0,-116.694903
252260000.0,-125.028631
255260000.0,-115.146347
258270000.0,-118.333086
261270000.0,-122.366259
264270000.0,-127.534773
267280000.0,-129.265
270280000.0,-127.335417
273280000.0,-136.466665
276290000.0,-138.871654
279290000.0,-144.795637
282290000.0,-145.568355
285290000.0,-153.430756
288300000.0,-152.147019
291300000.0,-152.702502
294300000.0,-156.203316
297310000.0,-149.387233
300310000.0,-157.635184
303310000.0,-152.869542
306320000.0,-156.475282
309320000.0,-152.736913
312320000.0,-144.295727
315320000.0,-150.68578
318330000.0,-139.717001
321330000.0,-134.991599
324330000.0,-133.852795
327340000.0,-125.945952
330340000.0,-129.844573
333340000.0,-123.611672
336350000.0,-119.014172
339350000.0,-112.574557
342350000.0,-110.496236
345350000.0,-112.471682
348360000.0,-108.161698
351360000.0,-108.077226
354360000.0,-106.208739
357370000.0,-110.355216
360370000.0,-109.298171
363370000.0,-130.585038
366380000.0,-129.609859
369380000.0,-130.798436
372380000.0,-133.710175
375380000.0,-137.894259
378390000.0,-126.984449
381390000.0,-126.192046
384390000.0,-122.442509
387400000.0,-124.626651
390400000.0,-114.380947
393400000.0,-122.836525
396410000.0,-114.293587
399410000.0,-97.2086576
402410000.0,-106.194564
405410000.0,-94.4877947
408420000.0,-96.2886035
411420000.0,-101.651366
414420000.0,-94.0094876
417430000.0,-91.7745483
420430000.0,-83.1717203
423430000.0,-88.454778
426440000.0,-77.5385654
429440000.0,-72.9212589
432440000.0,-72.7736315
435440000.0,-80.6087343
438450000.0,-65.5527879
441450000.0,-58.1251233
444450000.0,-61.7240365
447460000.0,-57.1578917
450460000.0,-54.4901587
453460000.0,-61.6761148
456460000.0,-56.2687117
459470000.0,-69.9516155
462470000.0,-98.4380166
465470000.0,-70.1201501
468480000.0,-76.170339
471480000.0,-79.6425845
474480000.0,-85.1814771
477490000.0,-86.5478034
480490000.0,-96.9932383
483490000.0,-92.355763
486490000.0,-97.9446884
489500000.0,-107.542266
492500000.0,-92.3465633
495500000.0,-102.377822
498510000.0,-100.718227
501510000.0,-112.81565
504510000.0,-111.367991
507520000.0,-118.44819
510520000.0,-114.719675
513520000.0,-116.729999
516520000.0,-122.03211
519530000.0,-127.535726
522530000.0,-129.018747
525530000.0,-121.686987
528540000.0,-118.159623
531540000.0,-122.785899
534540000.0,-112.90163
537550000.0,-110.549699
540550000.0,-96.5950226
543550000.0,-94.7902648
546550000.0,-96.8222827
549560000.0,-95.9050876
552560000.0,-102.00587
555560000.0,-100.009087
558570000.0,-119.40918
561570000.0,-106.269956
564570000.0,-114.251979
567580000.0,-112.180355
570580000.0,-117.23335
573580000.0,-121.890353
576580000.0,-132.866055
579590000.0,-134.941115
582590000.0,-132.040156
585590000.0,-132.151216
588600000.0,-138.021561
591600000.0,-137.226456
594600000.0,-136.496713
597610000.0,-154.277304
600610000.0,-155.545
603610000.0,-143.84338
606610000.0,-139.078255
609620000.0,-139.936089
612620000.0,-146.122199
615620000.0,-146.89061
618630000.0,-143.311607
621630000.0,-132.743902
624630000.0,-129.958672
627640000.0,-124.481854
630640000.0,-123.569518
633640000.0,-116.974
636640000.0,-121.480444
639650000.0,-110.74983
642650000.0,-108.863759
645650000.0,-109.549586
648660000.0,-103.972303
651660000.0,-106.489268
654660000.0,-113.10068
657670000.0,-108.663509
660670000.0,-114.577804
663670000.0,-113.262795
666670000.0,-126.272241
669680000.0,-126.743632
672680000.0,-122.596736
675680000.0,-130.729482
678690000.0,-135.0683
681690000.0,-134.609351
684690000.0,-132.182053
687700000.0,-138.253756
690700000.0,-138.411009
693700000.0,-138.96262
696700000.0,-129.117045
699710000.0,-132.483521
702710000.0,-122.882566
705710000.0,-129.83515
708720000.0,-116.808968
711720000.0,-116.410906
714720000.0,-127.376281
717730000.0,-133.65192
720730000.0,-108.785431
723730000.0,-119.764835
726730000.0,-107.911568
729740000.0,-108.201526
732740000.0,-105.157011
735740000.0,-105.524577
738750000.0,-87.1148717
741750000.0,-90.9934181
744750000.0,-80.8698586
747760000.0,-91.3421547
750760000.0,-83.4180135
753760000.0,-84.2965144
756760000.0,-91.225304
759770000.0,-87.96621
762770000.0,-88.751936
765770000.0,-117.443549
768780000.0,-93.2547396
771780000.0,-103.523967
774780000.0,-120.945585
777790000.0,-109.360915
780790000.0,-108.829335
783790000.0,-112.647168
786790000.0,-119.222603
789800000.0,-116.053976
792800000.0,-130.928063
795800000.0,-124.704698
798810000.0,-129.734425
801810000.0,-131.583574
804810000.0,-140.000471
807820000.0,-131.221007
810820000.0,-141.094954
813820000.0,-155.361844
816820000.0,-161.371542
819830000.0,-146.086713
822830000.0,-143.445804
825830000.0,-138.678109
828840000.0,-142.329893
831840000.0,-129.058799
834840000.0,-139.909224
837850000.0,-130.136038
840850000.0,-133.139453
843850000.0,-129.061312
846850000.0,-133.536011
849860000.0,-143.720959
852860000.0,-146.045184
855860000.0,-126.597962
858870000.0,-137.605429
861870000.0,-146.760836
864870000.0,-137.684924
867870000.0,-142.554302
870880000.0,-147.804028
873880000.0,-148.482299
876880000.0,-156.711554
879890000.0,-158.693677
882890000.0,-153.953295
885890000.0,-155.142143
888900000.0,-157.234451
891900000.0,-152.200878
894900000.0,-160.931151
897900000.0,-163.855962
900910000.0,-159.298618
903910000.0,-153.863354
906910000.0,-156.496716
909920000.0,-175.053941
912920000.0,-152.012038
915920000.0,-150.942812
918930000.0,-155.220146
921930000.0,-169.498351
924930000.0,-143.865074
927930000.0,-140.726442
930940000.0,-145.647497
933940000.0,-139.111627
936940000.0,-136.647017
939950000.0,-130.126932
942950000.0,-125.427849
945950000.0,-127.857258
948960000.0,-133.597498
951960000.0,-123.882597
954960000.0,-124.410285
957960000.0,-127.289569
960970000.0,-140.28254
963970000.0,-149.769187
966970000.0,-139.487008
969980000.0,-139.806313
972980000.0,-141.28052
975980000.0,-146.334499
978990000.0,-153.636684
981990000.0,-148.455954
984990000.0,-158.759966
987990000.0,-146.9811
991000000.0,-153.613599
994000000.0,-153.307615
997000000.0,-168.423922
1000010000.0,-145.096148
1003010000.0,-145.594063
1006010000.0,-145.002701
1009020000.0,-160.054862
1012020000.0,-140.522789
1015020000.0,-139.57089
1018020000.0,-142.630355
1021030000.0,-137.129218
1024030000.0,-128.88901
1027030000.0,-128.566997
1030040000.0,-126.231668
1033040000.0,-116.30393
1036040000.0,-116.517727
1039050000.0,-108.459045
1042050000.0,-103.470888
1045050000.0,-103.184886
1048050000.0,-104.562011
1051060000.0,-103.310501
1054060000.0,-98.4571193
1057060000.0,-105.226152
1060070000.0,-106.328214
1063070000.0,-112.119733
1066070000.0,-119.283364
1069080000.0,-125.953577
1072080000.0,-124.472772
1075080000.0,-128.75342
1078080000.0,-132.60553
1081090000.0,-146.995679
1084090000.0,-136.636235
1087090000.0,-136.370096
1090100000.0,-144.459024
1093100000.0,-141.130438
1096100000.0,-142.797175
1099110000.0,-149.268008
1102110000.0,-154.406693
1105110000.0,-162.557032
1108110000.0,-152.476135
1111120000.0,-154.072521
1114120000.0,-153.688274
1117120000.0,-152.867562
1120130000.0,-162.295631
1123130000.0,-157.077506
1126130000.0,-153.515613
1129140000.0,-145.137187
1132140000.0,-137.976037
1135140000.0,-129.203386
1138140000.0,-135.670845
1141150000.0,-135.127718
1144150000.0,-124.578305
1147150000.0,-133.11755
1150160000.0,-128.762338
1153160000.0,-124.124195
1156160000.0,-128.117539
1159170000.0,-139.994698
1162170000.0,-129.776442
1165170000.0,-137.680824
1168170000.0,-135.441344
1171180000.0,-160.397999
1174180000.0,-144.524915
1177180000.0,-153.802733
1180190000.0,-160.112896
1183190000.0,-150.378788
1186190000.0,-149.131209
1189200000.0,-158.883314
1192200000.0,-147.632986
1195200000.0,-157.608162
1198200000.0,-161.469254
1201210000.0,-153.270984
1204210000.0,-154.265289
1207210000.0,-164.274103
1210220000.0,-159.086864
1213220000.0,-152.004257
1216220000.0,-151.995697
1219230000.0,-145.325249
1222230000.0,-151.532752
1225230000.0,-145.395029
1228230000.0,-151.639942
1231240000.0,-139.407419
1234240000.0,-151.506667
1237240000.0,-134.973612
1240250000.0,-134.888126
1243250000.0,-137.095634
1246250000.0,-126.733992
1249260000.0,-128.924995
1252260000.0,-139.998346
1255260000.0,-126.230846
1258260000.0,-132.769092
1261270000.0,-134.502066
1264270000.0,-144.250695
1267270000.0,-156.533476
1270280000.0,-155.258094
1273280000.0,-143.723653
1276280000.0,-145.046003
1279290000.0,-150.014975
1282290000.0,-154.349142
1285290000.0,-160.93781
1288290000.0,-148.88357
1291300000.0,-151.147975
1294300000.0,-154.526294
1297300000.0,-148.03031
1300310000.0,-148.821011
1303310000.0,-150.090445
1306310000.0,-148.787091
1309310000.0,-154.672619
1312320000.0,-143.844646
1315320000.0,-140.996435
1318320000.0,-135.561968
1321330000.0,-134.088478
1324330000.0,-131.027032
1327330000.0,-120.896309
1330340000.0,-145.123937
1333340000.0,-123.530257
1336340000.0,-121.420469
1339340000.0,-118.412569
1342350000.0,-111.837131
1345350000.0,-114.322833
1348350000.0,-113.702211
1351360000.0,-109.749072
1354360000.0,-108.01722
1357360000.0,-113.751001
1360370000.0,-110.781141
1363370000.0,-133.791231
1366370000.0,-123.318052
1369370000.0,-125.301149
1372380000.0,-136.922843
1375380000.0,-139.813602
1378380000.0,-132.852541
1381390000.0,-142.627052
1384390000.0,-142.276344
1387390000.0,-149.568439
1390400000.0,-145.922549
1393400000.0,-163.342928
1396400000.0,-157.563586
1399400000.0,-155.801703
1402410000.0,-152.488396
1405410000.0,-153.619822
1408410000.0,-157.934619
1411420000.0,-162.728547
1414420000.0,-169.983597
1417420000.0,-156.177361
1420430000.0,-142.426321
1423430000.0,-138.875789
1426430000.0,-136.29131
1429430000.0,-133.039397
1432440000.0,-135.010609
1435440000.0,-140.133967
1438440000.0,-136.096456
1441450000.0,-127.082507
1444450000.0,-144.297121
1447450000.0,-127.245289
1450460000.0,-124.719943
1453460000.0,-131.06954
1456460000.0,-126.843345
1459460000.0,-128.831733
1462470000.0,-141.497316
1465470000.0,-141.185537
1468470000.0,-154.058559
1471480000.0,-151.100998
1474480000.0,-156.728252
1477480000.0,-156.633154
1480490000.0,-161.224402
1483490000.0,-170.037109
1486490000.0,-158.076593
1489490000.0,-160.418566
1492500000.0,-151.584983
1495500000.0,-152.029508
1498500000.0,-172.356317
1501510000.0,-162.55467
1504510000.0,-150.927068
1507510000.0,-155.075593
1510520000.0,-149.948184
1513520000.0,-159.658917
1516520000.0,-149.087896
1519520000.0,-153.238675
1522530000.0,-144.485194
1525530000.0,-138.067988
1528530000.0,-143.290826
1531540000.0,-132.31297
1534540000.0,-133.344212
1537540000.0,-125.76402
1540550000.0,-120.7964
1543550000.0,-121.782271
1546550000.0,-122.209068
1549550000.0,-122.329918
1552560000.0,-129.355759
1555560000.0,-128.285199
1558560000.0,-130.929756
1561570000.0,-131.241066
1564570000.0,-151.541963
1567570000.0,-139.824997
1570580000.0,-141.485637
1573580000.0,-148.017678
1576580000.0,-161.352294
1579580000.0,-164.570033
1582590000.0,-168.832971
1585590000.0,-159.354358
1588590000.0,-157.111968
1591600000.0,-160.459539
1594600000.0,-154.819619
1597600000.0,-156.143558
1600610000.0,-151.556982
1603610000.0,-161.492318
1606610000.0,-151.407595
1609610000.0,-157.657038
1612620000.0,-154.480079
1615620000.0,-153.509137
1618620000.0,-149.697394
1621630000.0,-147.205612
1624630000.0,-143.096914
1627630000.0,-135.626355
1630640000.0,-134.235524
1633640000.0,-132.924742
1636640000.0,-131.668293
1639640000.0,-127.179812
1642650000.0,-127.833234
1645650000.0,-132.033474
1648650000.0,-126.291671
1651660000.0,-128.334999
1654660000.0,-131.441004
1657660000.0,-129.413441
1660670000.0,-137.923118
1663670000.0,-132.97151
1666670000.0,-140.277805
1669670000.0,-149.973781
1672680000.0,-144.436211
1675680000.0,-145.942889
1678680000.0,-148.364013
1681690000.0,-152.713907
1684690000.0,-153.498778
1687690000.0,-151.573633
1690700000.0,-156.300271
1693700000.0,-159.701026
1696700000.0,-161.088615
1699700000.0,-163.360485
1702710000.0,-152.757134
1705710000.0,-146.473403
1708710000.0,-154.139517
1711720000.0,-149.586618
1714720000.0,-149.586404
1717720000.0,-146.455204
1720720000.0,-148.529859
1723730000.0,-138.270322
1726730000.0,-135.712363
1729730000.0,-135.261716
1732740000.0,-139.812377
1735740000.0,-137.605797
1738740000.0,-127.244299
1741750000.0,-136.409397
1744750000.0,-123.25293
1747750000.0,-139.941211
1750750000.0,-126.350641
1753760000.0,-127.768393
1756760000.0,-133.816598
1759760000.0,-133.329809
1762770000.0,-128.839258
1765770000.0,-138.837027
1768770000.0,-133.535734
1771780000.0,-155.435391
1774780000.0,-145.120385
1777780000.0,-152.971297
1780780000.0,-161.746914
1783790000.0,-149.657795
1786790000.0,-155.016931
1789790000.0,-161.471556
1792800000.0,-156.01614
1795800000.0,-154.555338
1798800000.0,-156.702529
1801810000.0,-150.406358
1804810000.0,-157.862791
1807810000.0,-177.359294
1810810000.0,-160.693893
1813820000.0,-148.375786
1816820000.0,-148.558363
1819820000.0,-141.375306
1822830000.0,-144.171715
1825830000.0,-141.164648
1828830000.0,-139.707745
1831840000.0,-133.647905
1834840000.0,-144.12581
1837840000.0,-136.053528
1840840000.0,-133.107717
1843850000.0,-126.733772
1846850000.0,-133.267983
1849850000.0,-136.806627
1852860000.0,-150.096058
1855860000.0,-125.067749
1858860000.0,-134.57326
1861870000.0,-137.547193
1864870000.0,-135.324757
1867870000.0,-162.49552
1870870000.0,-146.851467
1873880000.0,-146.48643
1876880000.0,-148.181531
1879880000.0,-153.255694
1882890000.0,-163.742022
1885890000.0,-148.633774
1888890000.0,-165.413552
1891900000.0,-161.282617
1894900000.0,-160.473354
1897900000.0,-150.0467
1900900000.0,-154.746041
1903910000.0,-151.052824
1906910000.0,-144.959236
1909910000.0,-142.261171
1912920000.0,-139.017899
1915920000.0,-143.271005
1918920000.0,-139.568269
1921930000.0,-140.646848
1924930000.0,-136.096208
1927930000.0,-134.890932
1930930000.0,-130.819147
1933940000.0,-126.341434
1936940000.0,-135.832589
1939940000.0,-113.554352
1942950000.0,-110.785493
1945950000.0,-115.255107
1948950000.0,-117.127864
1951960000.0,-110.142207
1954960000.0,-110.602701
1957960000.0,-113.402339
1960960000.0,-127.503058
1963970000.0,-145.049034
1966970000.0,-134.247843
1969970000.0,-132.59481
1972980000.0,-136.306257
1975980000.0,-139.966614
1978980000.0,-147.225045
1981990000.0,-149.709582
1984990000.0,-150.382729
1987990000.0,-146.898248
1990990000.0,-165.041029
1994000000.0,-147.130998
1997000000.0,-152.678519
2000000000.0,-149.020907
2003010000.0,-155.990838
2006010000.0,-160.311246
2009010000.0,-157.693919
2012020000.0,-155.458048
2015020000.0,-144.777897
2018020000.0,-148.972505
2021020000.0,-148.061573
2024030000.0,-140.971401
2027030000.0,-138.722205
2030030000.0,-148.500473
2033040000.0,-136.936921
2036040000.0,-135.180164
2039040000.0,-141.05213
2042050000.0,-126.087953
2045050000.0,-128.214669
2048050000.0,-129.618477
2051050000.0,-130.648654
2054060000.0,-123.614733
2057060000.0,-132.509242
2060060000.0,-128.908886
2063070000.0,-135.961202
2066070000.0,-135.208896
2069070000.0,-146.663435
2072080000.0,-148.473453
2075080000.0,-147.876832
2078080000.0,-147.625893
2081080000.0,-149.557103
2084090000.0,-151.146432
2087090000.0,-151.888091
2090090000.0,-149.854463
2093100000.0,-153.261646
2096100000.0,-162.707022
2099100000.0,-149.46989
2102110000.0,-163.840385
2105110000.0,-153.554501
2108110000.0,-163.795319
2111110000.0,-160.280576
2114120000.0,-154.551098
2117120000.0,-141.626943
2120120000.0,-147.391369
2123130000.0,-140.585947
2126130000.0,-138.080766
2129130000.0,-134.727332
2132140000.0,-136.187267
2135140000.0,-127.555011
2138140000.0,-129.737377
2141140000.0,-130.350464
2144150000.0,-123.997445
2147150000.0,-141.669477
2150150000.0,-132.837753
2153160000.0,-123.618197
2156160000.0,-127.199387
2159160000.0,-131.425106
2162160000.0,-133.32464
2165170000.0,-138.577066
2168170000.0,-133.188688
2171170000.0,-139.676264
2174180000.0,-141.959192
2177180000.0,-148.209888
2180180000.0,-149.793714
2183190000.0,-152.613626
2186190000.0,-149.296099
2189190000.0,-156.915741
2192190000.0,-150.789687
2195200000.0,-156.783479
2198200000.0,-157.452499
2201200000.0,-150.091975
2204210000.0,-157.705821
2207210000.0,-151.582289
2210210000.0,-151.639277
2213220000.0,-151.738145
2216220000.0,-149.169874
2219220000.0,-137.74478
2222220000.0,-147.731497
2225230000.0,-132.16189
2228230000.0,-134.535608
2231230000.0,-133.62293
2234240000.0,-135.096707
2237240000.0,-125.920984
2240240000.0,-123.009999
2243250000.0,-128.235181
2246250000.0,-117.112965
2249250000.0,-116.664357
2252250000.0,-127.15363
2255260000.0,-118.275877
2258260000.0,-121.504574
2261260000.0,-119.271818
2264270000.0,-132.059163
2267270000.0,-144.525701
2270270000.0,-132.690997
2273280000.0,-141.689617
2276280000.0,-141.485054
2279280000.0,-145.991496
2282280000.0,-157.815717
2285290000.0,-152.638868
2288290000.0,-148.78371
2291290000.0,-154.466983
2294300000.0,-153.621874
2297300000.0,-160.004072
2300300000.0,-159.529575
2303310000.0,-156.883041
2306310000.0,-160.669164
2309310000.0,-158.567895
2312310000.0,-157.274205
2315320000.0,-172.75035
2318320000.0,-160.410209
2321320000.0,-149.159149
2324330000.0,-140.318761
2327330000.0,-129.758892
2330330000.0,-154.680309
2333340000.0,-132.180417
2336340000.0,-139.691928
2339340000.0,-129.600748
2342340000.0,-133.282667
2345350000.0,-137.434555
2348350000.0,-133.41188
2351350000.0,-128.728895
2354360000.0,-126.47878
2357360000.0,-132.938763
2360360000.0,-131.655602
2363370000.0,-148.654162
2366370000.0,-142.603778
2369370000.0,-142.677156
2372370000.0,-151.814406
2375380000.0,-152.514786
2378380000.0,-150.46091
2381380000.0,-152.606861
2384390000.0,-147.923176
2387390000.0,-155.812646
2390390000.0,-164.386735
2393400000.0,-153.690508
2396400000.0,-161.485087
2399400000.0,-149.683249
2402400000.0,-162.954758
2405410000.0,-154.491614
2408410000.0,-159.027928
2411410000.0,-153.861931
2414420000.0,-148.540582
2417420000.0,-156.095241
2420420000.0,-149.611698
2423430000.0,-154.783084
2426430000.0,-146.441263
2429430000.0,-140.323929
2432430000.0,-139.234723
2435440000.0,-151.456929
2438440000.0,-139.367848
2441440000.0,-131.9039
2444450000.0,-136.231111
2447450000.0,-129.277036
2450450000.0,-125.449539
2453460000.0,-132.495678
2456460000.0,-128.356942
2459460000.0,-129.783018
2462460000.0,-137.946514
2465470000.0,-147.038034
2468470000.0,-143.458581
2471470000.0,-147.976987
2474480000.0,-148.738713
2477480000.0,-152.375412
2480480000.0,-169.564054
2483490000.0,-153.042854
2486490000.0,-159.526748
2489490000.0,-154.445446
2492490000.0,-159.14656
2495500000.0,-148.615344
2498500000.0,-151.24414
2501500000.0,-156.953426
2504510000.0,-149.288154
2507510000.0,-153.628695
2510510000.0,-154.390652
2513520000.0,-146.242296
2516520000.0,-150.076511
2519520000.0,-147.974983
2522520000.0,-145.865361
2525530000.0,-138.846473
2528530000.0,-142.398157
2531530000.0,-135.50973
2534540000.0,-135.42929
2537540000.0,-130.119913
2540540000.0,-123.952619
2543550000.0,-121.180798
2546550000.0,-123.791522
2549550000.0,-119.798028
2552550000.0,-123.283652
2555560000.0,-125.717868
2558560000.0,-126.683453
2561560000.0,-132.781845
2564570000.0,-138.016651
2567570000.0,-139.65073
2570570000.0,-137.607714
2573570000.0,-143.696581
2576580000.0,-159.712581
2579580000.0,-149.949671
2582580000.0,-157.564858
2585590000.0,-151.895256
2588590000.0,-153.454724
2591590000.0,-154.364578
2594600000.0,-153.170224
2597600000.0,-158.944746
2600600000.0,-156.907739
2603600000.0,-165.405528
2606610000.0,-152.074876
2609610000.0,-157.919731
2612610000.0,-157.107605
2615620000.0,-152.513226
2618620000.0,-150.993498
2621620000.0,-148.436782
2624630000.0,-143.020747
2627630000.0,-139.585296
2630630000.0,-142.051388
2633630000.0,-150.500234
2636640000.0,-134.963627
2639640000.0,-127.713207
2642640000.0,-130.206428
2645650000.0,-130.981443
2648650000.0,-126.995119
2651650000.0,-133.02285
2654660000.0,-130.576583
2657660000.0,-130.153441
2660660000.0,-131.313471
2663660000.0,-151.024187
2666670000.0,-137.285205
2669670000.0,-152.376722
2672670000.0,-132.214353
2675680000.0,-141.179267
2678680000.0,-144.776794
2681680000.0,-172.399843
2684690000.0,-154.714994
2687690000.0,-157.481678
2690690000.0,-162.798515
2693690000.0,-175.229044
2696700000.0,-153.636426
2699700000.0,-163.683973
2702700000.0,-157.657147
2705710000.0,-152.886881
2708710000.0,-152.15477
2711710000.0,-158.196532
2714720000.0,-148.13589
2717720000.0,-143.399197
2720720000.0,-143.904448
2723720000.0,-137.830717
2726730000.0,-140.38167
2729730000.0,-135.831127
2732730000.0,-147.429442
2735740000.0,-135.672435
2738740000.0,-125.277648
2741740000.0,-127.190541
2744750000.0,-121.23384
2747750000.0,-135.914532
2750750000.0,-122.996448
2753750000.0,-124.646274
2756760000.0,-131.174979
2759760000.0,-129.2671
2762760000.0,-130.929338
2765770000.0,-139.74028
2768770000.0,-131.312685
2771770000.0,-152.035898
2774780000.0,-145.602973
2777780000.0,-150.037796
2780780000.0,-154.556832
2783780000.0,-145.183424
2786790000.0,-150.58527
2789790000.0,-159.044128
2792790000.0,-147.714329
2795800000.0,-145.442457
2798800000.0,-146.731369
2801800000.0,-146.281013
2804810000.0,-150.876504
2807810000.0,-148.743736
2810810000.0,-148.954998
2813810000.0,-148.916537
2816820000.0,-153.447134
2819820000.0,-136.710029
2822820000.0,-135.099242
2825830000.0,-134.029014
2828830000.0,-131.703758
2831830000.0,-126.635839
2834840000.0,-136.091008
2837840000.0,-127.769215
2840840000.0,-124.479806
2843840000.0,-123.269899
2846850000.0,-124.690312
2849850000.0,-129.109401
2852850000.0,-129.619156
2855860000.0,-115.718815
2858860000.0,-127.176879
2861860000.0,-130.495626
2864870000.0,-127.835838
2867870000.0,-140.142575
2870870000.0,-136.415906
2873870000.0,-150.41179
2876880000.0,-139.985553
2879880000.0,-153.612792
2882880000.0,-143.765775
2885890000.0,-146.400411
2888890000.0,-156.534294
2891890000.0,-168.025064
2894900000.0,-153.233627
2897900000.0,-165.509994
2900900000.0,-167.395052
2903900000.0,-153.244781
2906910000.0,-151.726923
2909910000.0,-143.560185
2912910000.0,-164.427588
2915920000.0,-156.712136
2918920000.0,-146.285173
2921920000.0,-148.293322
2924930000.0,-145.520314
2927930000.0,-142.380027
2930930000.0,-143.291942
2933930000.0,-135.994291
2936940000.0,-136.434891
2939940000.0,-150.978921
2942940000.0,-138.450938
2945950000.0,-137.909228
2948950000.0,-139.176579
2951950000.0,-141.503198
2954960000.0,-137.224798
2957960000.0,-139.623213
2960960000.0,-151.889965
2963960000.0,-157.445279
2966970000.0,-150.067808
2969970000.0,-156.679816
2972970000.0,-156.228175
2975980000.0,-152.050691
2978980000.0,-152.818862
2981980000.0,-151.10672
2984990000.0,-149.400164
2987990000.0,-154.624224
2990990000.0,-168.01537
2993990000.0,-156.988696
2997000000.0,-148.16821
3000000000.0,-145.467682
