Freq,Value
10022511.48,-90.5515445
15023039.62,-91.0315586
19988548.12,-91.468043
24972437.65,-91.890321
29961427.41,-92.3054284
34990110.38,-92.7198236
39954205.59,-93.1268173
44910071.86,-93.5321623
49916277.16,-93.9413493
54860253.81,-94.3456743
59888543.35,-94.7575081
64938163.16,-95.1720281
69940150.5,-95.5838325
74820987.79,-95.9870346
79862656.1,-96.4051606
84861545.62,-96.8215865
89768713.24,-97.2323532
94746352.57,-97.6512152
99775390.8,-98.0768436
104835365.2,-98.5077679
109657682.3,-98.921141
114701820.9,-99.3565388
119708503.0,-99.7919562
124653111.9,-100.22537
129801959.9,-100.680506
134556985.8,-101.10451
139800206.4,-101.576403
144595990.3,-102.012271
149556291.5,-102.467617
154686753.6,-102.943717
159633854.4,-103.408042
164739170.5,-103.89294
169625908.8,-104.362846
174657604.8,-104.852941
179434624.4,-105.324442
184757281.1,-105.85736
189384202.7,-106.327479
194564006.2,-106.861809
199436520.0,-107.372653
204431057.4,-107.90507
209550674.2,-108.460624
214316045.7,-108.987219
219683214.6,-109.591979
224679009.2,-110.166733
229272286.7,-110.705918
234486145.4,-111.331251
239279917.3,-111.919519
244171691.9,-112.533883
249163472.6,-113.176488
254257303.9,-113.849756
259455272.1,-114.556437
264164832.0,-115.215177
269565347.1,-115.993908
274458422.3,-116.722757
279440315.2,-117.489523
284512638.0,-118.298
289026391.0,-119.043063
294272717.6,-119.942119
298941312.9,-120.774799
304367612.4,-121.785136
309196361.7,-122.726566
314101718.5,-123.728171
319084898.1,-124.797446
324147135.1,-125.943305
329289683.7,-127.176457
334513818.2,-128.50989
339057564.0,-129.744623
344436664.6,-131.309433
349115193.7,-132.774528
353857271.9,-134.373731
359471167.8,-136.440714
364353912.6,-138.419617
369302980.3,-140.631242
374319272.0,-143.127227
379403700.5,-145.975891
383693440.8,-148.684558
388905199.9,-152.442352
394187751.1,-156.910948
398644647.7,-161.340371
404059491.1,-167.768339
408628002.8,-174.323832
414178451.4,-184.040643
418861373.5,-193.98002
423597243.2,-205.67975
429351021.0,-221.544205
434205492.2,-235.277691
439114850.7,-248.372033
444079716.9,-260.124919
449100718.6,-270.336689
454178490.4,-279.155639
459313674.2,-286.867911
463463593.9,-292.442143
468703760.0,-298.889169
474003174.2,-304.966905
478285814.2,-309.690176
483693568.2,-315.554524
489162465.2,-321.502468
493582070.0,-326.401272
499162771.6,-332.785883
503672729.7,-338.153989
508223435.4,-343.786261
513969680.1,-351.217844
518613419.2,-357.46652
523299114.7,-363.950128
529215813.1,-372.29632
533997301.7,-379.070916
538821991.2,-385.835014
543690272.1,-392.499512
548602538.1,-398.987138
553559186.6,-405.240238
558560618.7,-411.224465
563607238.9,-416.928599
568699455.6,-422.361738
573837680.7,-427.549423
579022329.8,-432.529892
582941534.7,-436.157871
588208437.6,-440.896407
593522927.2,-445.579528
598885433.5,-450.277908
602939084.9,-453.859951
608386666.6,-458.787688
613883467.4,-463.987467
618038635.5,-468.141233
623622642.3,-474.136258
627843731.4,-479.066942
633516327.7,-486.367165
637804383.9,-492.485522
643566975.1,-501.611906
647923060.7,-509.201344
653777074.6,-520.18949
658202268.9,-528.865731
662657415.8,-537.636406
668644555.2,-548.989034
673170382.4,-556.934505
677726843.4,-564.220616
683850135.8,-572.815952
688478884.4,-578.442696
693138963.4,-583.428575
697830584.9,-587.84587
702553962.3,-591.768496
708901568.9,-596.347191
713699882.1,-599.369988
718530673.4,-602.096545
723394162.7,-604.569063
728290571.4,-606.822988
733220122.1,-608.888033
738183039.3,-610.789114
743179548.8,-612.54717
748209877.9,-614.17986
753274255.7,-615.702134
758372912.5,-617.126704
763506080.3,-618.46443
768673992.9,-619.724632
772138686.5,-620.525712
777365030.2,-621.674027
782626749.3,-622.763943
787924083.1,-623.800993
793257272.8,-624.790026
798626561.0,-625.735305
802226261.8,-626.343063
807656258.0,-627.223579
813123008.1,-628.069466
818626760.7,-628.88348
822316609.7,-629.409674
827882590.6,-630.175911
833486245.8,-630.916297
837243071.9,-631.396451
842910085.0,-632.097791
848615456.2,-632.777851
852440475.2,-633.220113
858210354.3,-633.867817
862078621.0,-634.28969
867913737.5,-634.908445
871825740.8,-635.312034
877726832.2,-635.904775
883667866.1,-636.483149
887650879.1,-636.86117
891651844.9,-637.233415
897687132.4,-637.781431
901733335.3,-638.140176
907836861.1,-638.668881
911928812.5,-639.01534
918101347.9,-639.526441
922239565.1,-639.861684
928481890.5,-640.356692
932666896.6,-640.681667
936870766.0,-641.002776
943212125.0,-641.477471
947463525.7,-641.789464
951734088.9,-642.098018
958176052.7,-642.554637
962494901.2,-642.85506
966833216.3,-643.152407
973377380.9,-643.592867
977764747.3,-643.882931
982171889.2,-644.170233
986598895.7,-644.454856
993276847.4,-644.876937
997753908.0,-645.155198
1002251148.0,-645.431041
1006768659.0,-645.704535
1011306532.0,-645.975746
1018151722.0,-646.378418
1022740902.0,-646.644192
1027350768.0,-646.907894
1031981412.0,-647.16958
1036632928.0,-647.429303
1041305411.0,-647.687114
1048353652.0,-648.070356
1053078964.0,-648.323604
1057825574.0,-648.575107
1062593580.0,-648.824909
1067383076.0,-649.073053
1072194160.0,-649.31958
1077026930.0,-649.564529
1081881483.0,-649.807939
1086757917.0,-650.049846
1091656330.0,-650.290287
1096576823.0,-650.529296
1101519494.0,-650.766906
1106484444.0,-651.00315
1111471772.0,-651.238058
1116481580.0,-651.471662
1121513970.0,-651.703991
1126569041.0,-651.935073
1131646899.0,-652.164935
1136747643.0,-652.393604
1141871379.0,-652.621106
1147018209.0,-652.847466
1152188238.0,-653.072707
1157381570.0,-653.296855
1162598311.0,-653.51993
1167838565.0,-653.741955
1173102438.0,-653.962953
1175743266.0,-654.073072
1181042769.0,-654.292565
1186366159.0,-654.51108
1191713543.0,-654.728637
1197085030.0,-654.945253
1202480729.0,-655.160947
1207900747.0,-655.375737
1210619911.0,-655.482798
1216076616.0,-655.696262
1221557916.0,-655.908863
1227063923.0,-656.120617
1232594747.0,-656.331539
1235369500.0,-656.436692
1240937761.0,-656.646394
1246531119.0,-656.855299
1252149689.0,-657.063422
1257793584.0,-657.270777
1260625064.0,-657.37417
1266307160.0,-657.580395
1272014868.0,-657.785884
1277748302.0,-657.990647
1280624703.0,-658.092761
1286396945.0,-658.296458
1292195205.0,-658.49946
1298019599.0,-658.701775
1300941634.0,-658.802679
1306805451.0,-659.003986
1312695700.0,-659.204633
1315650772.0,-659.304712
1321580890.0,-659.504387
1327537736.0,-659.703427
1330526220.0,-659.802711
1336523387.0,-660.000813
1342547584.0,-660.198302
1345569858.0,-660.296819
1351634832.0,-660.493403
1357727142.0,-660.689394
1360783587.0,-660.787169
1366917135.0,-660.982285
1369994268.0,-661.079627
1376169331.0,-661.273884
1382372227.0,-661.467578
1385484152.0,-661.564217
1391729034.0,-661.757079
1394862022.0,-661.853305
1401149174.0,-662.045351
1407464663.0,-662.236859
1410633075.0,-662.332415
1416991312.0,-662.52313
1420181170.0,-662.618292
1426582444.0,-662.808227
1429793892.0,-662.903002
1436238494.0,-663.09217
1442712144.0,-663.280833
1445959903.0,-663.374976
1452477371.0,-663.562891
1455747113.0,-663.656664
1462308696.0,-663.843842
1465600569.0,-663.937249
1472206565.0,-664.123701
1475520720.0,-664.216748
1482171429.0,-664.402484
1485508017.0,-664.495175
1492203743.0,-664.680205
1495562915.0,-664.772545
1502303962.0,-664.956879
1505685871.0,-665.048873
1512472545.0,-665.232518
1515877345.0,-665.32417
1519289810.0,-665.415709
1526137803.0,-665.598449
1529573365.0,-665.689652
1536467709.0,-665.871723
1539926526.0,-665.962592
1546867536.0,-666.144002
1550349764.0,-666.234542
1557337755.0,-666.415297
1560843553.0,-666.505512
1564357244.0,-666.595619
1571408372.0,-666.775511
1574945845.0,-666.865296
1582044699.0,-667.044549
1585606117.0,-667.134016
1589175551.0,-667.223378
1596338544.0,-667.401787
1599932139.0,-667.490834
1607143616.0,-667.668617
1610761535.0,-667.757352
1614387598.0,-667.845985
1621664231.0,-668.02294
1625314837.0,-668.111264
1628973662.0,-668.199486
1636316040.0,-668.375623
1639999630.0,-668.46354
1647391705.0,-668.639069
1651100228.0,-668.726682
1654817100.0,-668.814195
1662275963.0,-668.988919
1666017993.0,-669.076131
1669768447.0,-669.163244
1677294701.0,-669.337171
1681070540.0,-669.423986
1684854879.0,-669.510702
1688647738.0,-669.597319
1696259088.0,-669.770258
1700077619.0,-669.85658
1703904746.0,-669.942804
1711584865.0,-670.114959
1715437896.0,-670.200891
1719299601.0,-670.286725
1727049111.0,-670.458101
1730936955.0,-670.543644
1734833550.0,-670.629091
1738738918.0,-670.714441
1746576048.0,-670.884851
1750507849.0,-670.969912
1754448502.0,-671.054877
1758398026.0,-671.139746
1766323766.0,-671.309196
1770300023.0,-671.393779
1774285231.0,-671.478265
1778279410.0,-671.562657
1786294763.0,-671.731154
1790315977.0,-671.81526
1794346244.0,-671.899271
1798385584.0,-671.983188
1806491563.0,-672.150736
1810558243.0,-672.234369
1814634078.0,-672.317907
1818719089.0,-672.401351
1826916718.0,-672.567956
1831029378.0,-672.651118
1835151297.0,-672.734185
1839282495.0,-672.817159
1843422992.0,-672.900038
1851731971.0,-673.065516
1855900495.0,-673.148114
1860078402.0,-673.230619
1864265714.0,-673.31303
1868462453.0,-673.395348
1876884294.0,-673.559703
1881109438.0,-673.641741
1885344095.0,-673.723685
1889588284.0,-673.805536
1893842027.0,-673.887294
1898105347.0,-673.968959
1906660799.0,-674.132009
1910952975.0,-674.213394
1915254813.0,-674.294687
1919566336.0,-674.375887
1923887565.0,-674.456993
1928218521.0,-674.538007
1936909704.0,-674.699756
1941269975.0,-674.780491
1945640062.0,-674.861134
1950019986.0,-674.941684
1954409770.0,-675.022141
1958809436.0,-675.102505
1963219007.0,-675.182777
1967638504.0,-675.262956
1976507367.0,-675.423036
1980956779.0,-675.502937
1985416206.0,-675.582745
1989885672.0,-675.662461
1994365200.0,-675.742084
1998854812.0,-675.821615
2003354530.0,-675.901053
2007864379.0,-675.980399
2012384379.0,-676.059652
2021454928.0,-676.21788
2026005523.0,-676.296855
2030566362.0,-676.375738
2035137468.0,-676.454528
2039718864.0,-676.533226
2044310574.0,-676.611831
2048912620.0,-676.690344
2053525026.0,-676.768764
2058147816.0,-676.847091
2062781012.0,-676.925326
2067424638.0,-677.003468
2076743274.0,-677.159475
2081418331.0,-677.237339
2086103912.0,-677.315111
2090800041.0,-677.392791
2095506742.0,-677.470377
2100224039.0,-677.547871
2104951954.0,-677.625272
2109690513.0,-677.702581
2114439740.0,-677.779797
2119199657.0,-677.85692
2123970290.0,-677.933951
2128751662.0,-678.010889
2133543797.0,-678.087734
2138346721.0,-678.164486
2143160457.0,-678.241145
2147985029.0,-678.317712
2152820461.0,-678.394186
2157666779.0,-678.470567
2162524007.0,-678.546855
2167392170.0,-678.62305
2172271291.0,-678.699152
2177161396.0,-678.775161
2182062509.0,-678.851078
2186974655.0,-678.926901
2191897859.0,-679.002631
2196832146.0,-679.078269
2201777541.0,-679.153813
2206734069.0,-679.229264
2211701755.0,-679.304622
2216680623.0,-679.379887
2221670700.0,-679.455059
2226672010.0,-679.530138
2231684579.0,-679.605123
2236708432.0,-679.680015
2241743595.0,-679.754814
2246790092.0,-679.82952
2251847949.0,-679.904132
2256917193.0,-679.978651
2261997848.0,-680.053077
2267089941.0,-680.127409
2272193497.0,-680.201648
2277308541.0,-680.275793
2282435100.0,-680.349845
2287573200.0,-680.423803
2292722867.0,-680.497668
2297884126.0,-680.571439
2303057004.0,-680.645117
2308241527.0,-680.718701
2313437721.0,-680.792191
2318645612.0,-680.865588
2323865227.0,-680.938891
2329096592.0,-681.0121
2334339734.0,-681.085216
2339594679.0,-681.158237
2344861454.0,-681.231165
2350140085.0,-681.303999
2355430598.0,-681.376739
2360733022.0,-681.449385
2366047382.0,-681.521937
2366047382.0,-681.521937
2371373706.0,-681.594395
2376712020.0,-681.66676
2382062351.0,-681.73903
2387424726.0,-681.811206
2392799173.0,-681.883288
2398185719.0,-681.955275
2403584391.0,-682.027169
2408995216.0,-682.098969
2414418221.0,-682.170674
2419853435.0,-682.242285
2425300884.0,-682.313801
2430760596.0,-682.385224
2436232598.0,-682.456552
2436232598.0,-682.456552
2441716919.0,-682.527786
2447213586.0,-682.598925
2452722627.0,-682.66997
2458244069.0,-682.74092
2463777941.0,-682.811776
2469324270.0,-682.882538
2474883085.0,-682.953205
2480454414.0,-683.023777
2486038285.0,-683.094255
2486038285.0,-683.094255
2491634726.0,-683.164638
2497243765.0,-683.234927
2502865431.0,-683.305121
2508499752.0,-683.37522
2514146757.0,-683.445225
2519806475.0,-683.515134
2525478933.0,-683.584949
2525478933.0,-683.584949
2531164160.0,-683.65467
2536862186.0,-683.724295
2542573039.0,-683.793825
2548296748.0,-683.863261
2554033342.0,-683.932602
2559782850.0,-684.001848
2565545300.0,-684.070999
2565545300.0,-684.070999
2571320723.0,-684.140055
2577109148.0,-684.209016
2582910602.0,-684.277882
2588725117.0,-684.346653
2594552721.0,-684.415329
2600393444.0,-684.48391
2600393444.0,-684.48391
2606247316.0,-684.552396
2612114365.0,-684.620786
2617994622.0,-684.689082
2623888116.0,-684.757283
2629794877.0,-684.825388
2635714935.0,-684.893398
2635714935.0,-684.893398
2641648320.0,-684.961313
2647595062.0,-685.029132
2653555192.0,-685.096857
2659528738.0,-685.164486
2665515731.0,-685.23202
2665515731.0,-685.23202
2671516203.0,-685.299459
2677530182.0,-685.366802
2683557699.0,-685.43405
2689598786.0,-685.501202
2695653471.0,-685.56826
2695653471.0,-685.56826
2701721787.0,-685.635222
2707803763.0,-685.702088
2713899431.0,-685.768859
2720008821.0,-685.835535
2720008821.0,-685.835535
2726131964.0,-685.902115
2732268892.0,-685.9686
2738419634.0,-686.03499
2744584223.0,-686.101284
2744584223.0,-686.101284
2750762689.0,-686.167482
2756955064.0,-686.233585
2763161378.0,-686.299593
2769381664.0,-686.365505
2775615953.0,-686.431321
2775615953.0,-686.431321
2781864276.0,-686.497042
2788126665.0,-686.562668
2794403152.0,-686.628198
2794403152.0,-686.628198
2800693768.0,-686.693632
2806998545.0,-686.758971
2813317515.0,-686.824215
2819650710.0,-686.889362
2819650710.0,-686.889362
2825998162.0,-686.954415
2832359903.0,-687.019371
2838735965.0,-687.084232
2845126380.0,-687.148998
2845126380.0,-687.148998
2851531182.0,-687.213668
2857950401.0,-687.278242
2864384071.0,-687.342721
2864384071.0,-687.342721
2870832225.0,-687.407104
2877294894.0,-687.471392
2883772111.0,-687.535584
2890263910.0,-687.59968
2890263910.0,-687.59968
2896770323.0,-687.663681
2903291382.0,-687.727586
2909827122.0,-687.791396
2909827122.0,-687.791396
2916377574.0,-687.85511
2922942772.0,-687.918729
2929522750.0,-687.982252
2929522750.0,-687.982252
2936117540.0,-688.045679
2942727176.0,-688.109011
2949351691.0,-688.172247
2949351691.0,-688.172247
2955991119.0,-688.235388
2962645494.0,-688.298433
2969314848.0,-688.361383
2969314848.0,-688.361383
2975999216.0,-688.424237
2982698632.0,-688.486996
2989413129.0,-688.549659
2989413129.0,-688.549659
2996142741.0,-688.612226
3002887503.0,-688.674698
3009647448.0,-688.737075
3009647448.0,-688.737075
3016422610.0,-688.799356
3023213025.0,-688.861541
3030018726.0,-688.923631
3030018726.0,-688.923631
3036839747.0,-688.985626
3043676124.0,-689.047525
3043676124.0,-689.047525
3050527890.0,-689.109329
3057395081.0,-689.171038
3064277731.0,-689.232651
3064277731.0,-689.232651
3071175874.0,-689.294168
3078089547.0,-689.35559
3085018783.0,-689.416917
3085018783.0,-689.416917
3091963617.0,-689.478149
3098924086.0,-689.539285
3098924086.0,-689.539285
3105900224.0,-689.600326
3112892066.0,-689.661272
3119899647.0,-689.722122
3119899647.0,-689.722122
3126923004.0,-689.782877
3133962171.0,-689.843537
3133962171.0,-689.843537
3141017185.0,-689.904102
3148088080.0,-689.964572
3148088080.0,-689.964572
3155174894.0,-690.024946
3162277660.0,-690.085225
3169396416.0,-690.145409
3169396416.0,-690.145409
3176531197.0,-690.205499
3183682040.0,-690.265493
3183682040.0,-690.265493
3190848981.0,-690.325391
3198032055.0,-690.385195
3198032055.0,-690.385195
3205231299.0,-690.444904
3212446750.0,-690.504518
3219678444.0,-690.564037
3219678444.0,-690.564037
3226926418.0,-690.623461
3234190708.0,-690.682791
3234190708.0,-690.682791
3241471351.0,-690.742025
3248768383.0,-690.801164
3248768383.0,-690.801164
3256081843.0,-690.860209
3263411766.0,-690.919159
3263411766.0,-690.919159
3270758190.0,-690.978014
3278121151.0,-691.036775
3278121151.0,-691.036775
3285500688.0,-691.09544
3292896837.0,-691.154012
3292896837.0,-691.154012
3300309637.0,-691.212488
3307739123.0,-691.27087
3307739123.0,-691.27087
3315185334.0,-691.329158
3322648308.0,-691.38735
3322648308.0,-691.38735
3330128082.0,-691.445449
3337624694.0,-691.503453
3337624694.0,-691.503453
3345138182.0,-691.561362
3352668585.0,-691.619178
3352668585.0,-691.619178
3360215939.0,-691.676898
3367780283.0,-691.734525
3367780283.0,-691.734525
3375361656.0,-691.792057
3382960096.0,-691.849495
3382960096.0,-691.849495
3390575640.0,-691.906839
3398208329.0,-691.964089
3398208329.0,-691.964089
3405858200.0,-692.021245
3413525292.0,-692.078306
3413525292.0,-692.078306
3421209643.0,-692.135274
3428911294.0,-692.192147
3428911294.0,-692.192147
3436630281.0,-692.248927
3444366646.0,-692.305613
3444366646.0,-692.305613
3452120426.0,-692.362204
3452120426.0,-692.362204
3459891661.0,-692.418703
3467680390.0,-692.475107
3467680390.0,-692.475107
3475486653.0,-692.531418
3483310489.0,-692.587634
3483310489.0,-692.587634
3491151937.0,-692.643758
3499011038.0,-692.699787
3499011038.0,-692.699787
3506887831.0,-692.755724
3506887831.0,-692.755724
3514782355.0,-692.811566
3522694651.0,-692.867316
3522694651.0,-692.867316
3530624760.0,-692.922972
3538572719.0,-692.978534
3538572719.0,-692.978534
3546538571.0,-693.034003
3546538571.0,-693.034003
3554522356.0,-693.089379
3562524113.0,-693.144662
3562524113.0,-693.144662
3570543883.0,-693.199852
3578581706.0,-693.254949
3578581706.0,-693.254949
3586637624.0,-693.309952
3586637624.0,-693.309952
3594711678.0,-693.364863
3602803907.0,-693.41968
3602803907.0,-693.41968
3610914353.0,-693.474405
3619043056.0,-693.529037
3619043056.0,-693.529037
3627190059.0,-693.583577
3627190059.0,-693.583577
3635355402.0,-693.638023
3643539126.0,-693.692377
3643539126.0,-693.692377
3651741273.0,-693.746638
3651741273.0,-693.746638
3659961884.0,-693.800807
3668201001.0,-693.854883
3668201001.0,-693.854883
3676458665.0,-693.908867
3676458665.0,-693.908867
3684734919.0,-693.962758
3693029803.0,-694.016558
3693029803.0,-694.016558
3701343361.0,-694.070265
3701343361.0,-694.070265
3709675634.0,-694.123879
3718026664.0,-694.177402
3718026664.0,-694.177402
3726396493.0,-694.230832
3726396493.0,-694.230832
3734785164.0,-694.284171
3743192720.0,-694.337417
3743192720.0,-694.337417
3751619202.0,-694.390572
3751619202.0,-694.390572
3760064653.0,-694.443635
3768529116.0,-694.496606
3768529116.0,-694.496606
3777012634.0,-694.549486
3777012634.0,-694.549486
3785515249.0,-694.602273
3794037005.0,-694.65497
3794037005.0,-694.65497
3802577945.0,-694.707574
3802577945.0,-694.707574
3811138112.0,-694.760088
3811138112.0,-694.760088
3819717549.0,-694.81251
3828316300.0,-694.86484
3828316300.0,-694.86484
3836934408.0,-694.91708
3836934408.0,-694.91708
3845571916.0,-694.969228
3845571916.0,-694.969228
3854228869.0,-695.021285
3862905309.0,-695.073251
3862905309.0,-695.073251
3871601282.0,-695.125126
3871601282.0,-695.125126
3880316831.0,-695.17691
3880316831.0,-695.17691
3889051999.0,-695.228604
3897806832.0,-695.280206
3897806832.0,-695.280206
3906581373.0,-695.331718
3906581373.0,-695.331718
3915375667.0,-695.38314
3915375667.0,-695.38314
3924189758.0,-695.43447
3933023692.0,-695.485711
3933023692.0,-695.485711
3941877511.0,-695.536861
3941877511.0,-695.536861
3950751262.0,-695.58792
3950751262.0,-695.58792
3959644989.0,-695.638889
3968558737.0,-695.689769
3968558737.0,-695.689769
3977492551.0,-695.740558
3977492551.0,-695.740558
3986446477.0,-695.791257
3986446477.0,-695.791257
3995420559.0,-695.841866
3995420559.0,-695.841866
4004414843.0,-695.892385
4013429375.0,-695.942814
4013429375.0,-695.942814
4022464199.0,-695.993154
4022464199.0,-695.993154
4031519363.0,-696.043403
4031519363.0,-696.043403
4040594911.0,-696.093564
4040594911.0,-696.093564
4049690889.0,-696.143635
4049690889.0,-696.143635
4058807344.0,-696.193616
4067944321.0,-696.243508
4067944321.0,-696.243508
4077101867.0,-696.293311
4077101867.0,-696.293311
4086280028.0,-696.343024
4086280028.0,-696.343024
4095478850.0,-696.392649
4095478850.0,-696.392649
4104698380.0,-696.442184
4104698380.0,-696.442184
4113938665.0,-696.491631
4123199751.0,-696.540988
4123199751.0,-696.540988
4132481685.0,-696.590257
4132481685.0,-696.590257
4141784514.0,-696.639437
4141784514.0,-696.639437
4151108286.0,-696.688529
4151108286.0,-696.688529
4160453046.0,-696.737532
4160453046.0,-696.737532
4169818843.0,-696.786446
4169818843.0,-696.786446
4179205723.0,-696.835272
4179205723.0,-696.835272
4188613735.0,-696.88401
4198042926.0,-696.932659
4198042926.0,-696.932659
4207493343.0,-696.981221
4207493343.0,-696.981221
4216965034.0,-697.029694
4216965034.0,-697.029694
4226458048.0,-697.078079
4226458048.0,-697.078079
4235972432.0,-697.126377
4235972432.0,-697.126377
4245508234.0,-697.174586
4245508234.0,-697.174586
4255065502.0,-697.222708
4255065502.0,-697.222708
4264644286.0,-697.270742
4264644286.0,-697.270742
4274244633.0,-697.318689
4274244633.0,-697.318689
4283866591.0,-697.366548
4283866591.0,-697.366548
4293510210.0,-697.41432
4303175538.0,-697.462005
4303175538.0,-697.462005
4312862625.0,-697.509602
4312862625.0,-697.509602
4322571518.0,-697.557112
4322571518.0,-697.557112
4332302267.0,-697.604536
4332302267.0,-697.604536
4342054922.0,-697.651872
4342054922.0,-697.651872
4351829532.0,-697.699121
4351829532.0,-697.699121
4361626145.0,-697.746284
4361626145.0,-697.746284
4371444813.0,-697.79336
4371444813.0,-697.79336
4381285583.0,-697.84035
4381285583.0,-697.84035
4391148507.0,-697.887252
4391148507.0,-697.887252
4401033633.0,-697.934069
4401033633.0,-697.934069
4410941013.0,-697.980799
4410941013.0,-697.980799
4420870695.0,-698.027443
4420870695.0,-698.027443
4430822730.0,-698.074001
4430822730.0,-698.074001
4440797169.0,-698.120473
4440797169.0,-698.120473
4450794062.0,-698.166859
4450794062.0,-698.166859
4460813460.0,-698.213159
4460813460.0,-698.213159
4470855412.0,-698.259373
4470855412.0,-698.259373
4480919971.0,-698.305502
4480919971.0,-698.305502
4491007186.0,-698.351544
4491007186.0,-698.351544
4501117109.0,-698.397502
4501117109.0,-698.397502
4511249792.0,-698.443374
4511249792.0,-698.443374
4521405284.0,-698.489161
4521405284.0,-698.489161
4531583638.0,-698.534862
4531583638.0,-698.534862
4541784904.0,-698.580479
4541784904.0,-698.580479
4552009136.0,-698.62601
4552009136.0,-698.62601
4562256383.0,-698.671457
4562256383.0,-698.671457
4572526699.0,-698.716819
4572526699.0,-698.716819
4582820135.0,-698.762096
4582820135.0,-698.762096
4582820135.0,-698.762096
4593136742.0,-698.807288
4593136742.0,-698.807288
4603476574.0,-698.852396
4603476574.0,-698.852396
4613839683.0,-698.897419
4613839683.0,-698.897419
4624226120.0,-698.942358
4624226120.0,-698.942358
4634635939.0,-698.987213
4634635939.0,-698.987213
4645069192.0,-699.031983
4645069192.0,-699.031983
4655525931.0,-699.07667
4655525931.0,-699.07667
4666006210.0,-699.121273
4666006210.0,-699.121273
4676510082.0,-699.165791
4676510082.0,-699.165791
4687037600.0,-699.210226
4687037600.0,-699.210226
4697588817.0,-699.254578
4697588817.0,-699.254578
4697588817.0,-699.254578
4708163786.0,-699.298845
4708163786.0,-699.298845
4718762561.0,-699.343029
4718762561.0,-699.343029
4729385195.0,-699.38713
4729385195.0,-699.38713
4740031742.0,-699.431148
4740031742.0,-699.431148
4750702257.0,-699.475082
4750702257.0,-699.475082
4761396792.0,-699.518934
4761396792.0,-699.518934
4772115402.0,-699.562702
4772115402.0,-699.562702
4772115402.0,-699.562702
4782858142.0,-699.606387
4782858142.0,-699.606387
4793625065.0,-699.64999
4793625065.0,-699.64999
4804416225.0,-699.69351
4804416225.0,-699.69351
4815231679.0,-699.736948
4815231679.0,-699.736948
4826071479.0,-699.780303
4826071479.0,-699.780303
4836935682.0,-699.823575
4836935682.0,-699.823575
4836935682.0,-699.823575
4847824342.0,-699.866765
4847824342.0,-699.866765
4858737513.0,-699.909874
4858737513.0,-699.909874
4869675252.0,-699.9529
4869675252.0,-699.9529
4880637613.0,-699.995844
4880637613.0,-699.995844
4891624652.0,-700.038706
4891624652.0,-700.038706
4891624652.0,-700.038706
4902636424.0,-700.081487
4902636424.0,-700.081487
4913672986.0,-700.124185
4913672986.0,-700.124185
4924734392.0,-700.166803
4924734392.0,-700.166803
4935820700.0,-700.209339
4935820700.0,-700.209339
4946931964.0,-700.251793
4946931964.0,-700.251793
4946931964.0,-700.251793
4958068242.0,-700.294166
4958068242.0,-700.294166
4969229589.0,-700.336458
4969229589.0,-700.336458
4980416061.0,-700.378669
4980416061.0,-700.378669
4991627716.0,-700.4208
4991627716.0,-700.4208
